1 2 1 2 0 0 3 1 1 0 0 0 0 1 6 0 1 3 1 0 2 2 1 2 0 0 0 1 0 1 0 0 0 1 1 2 2 0 0 3 2 1 1 1 1 3 0 0 1 2 2 0 0 1 1 0 0 0 2 2 0 1 0 1 1 0 3 0 0 0 0 3 1 0 2 1 2 0 1 2 1 1 0 0 2 1 1 2 0 1 1 0 2 0 1 2 1 1 0 0 2 
2 1 1 3 0 4 2 1 3 2 1 5 5 2 0 1 5 1 1 2 1 4 1 2 3 2 1 5 4 3 0 1 4 2 1 2 1 4 1 2 1 3 2 5 4 3 0 1 2 4 1 2 1 4 1 2 1 3 2 5 3 3 1 1 2 4 1 1 2 4 1 2 1 3 2 5 2 4 1 0 3 3 2 1 2 3 1 3 1 3 2 5 2 4 1 0 3 3 1 2 2 
3 3 2 4 3 4 1 7 3 4 3 1 4 5 1 3 2 3 2 4 2 4 2 6 3 5 3 1 4 4 2 3 2 2 3 4 1 5 2 6 3 5 3 1 4 4 2 3 2 2 3 4 1 5 2 5 4 5 3 1 4 4 2 3 2 2 3 4 1 5 2 3 6 5 2 2 4 4 2 3 2 1 4 4 1 5 2 3 6 5 2 2 4 4 2 2 3 1 4 4 1 
4 5 4 5 7 7 4 4 5 7 4 3 4 1 9 5 1 5 4 5 7 7 4 4 5 7 4 2 5 1 9 5 1 5 4 4 7 8 3 5 5 7 4 2 5 1 9 5 1 5 4 3 8 6 4 5 5 8 4 2 5 1 8 5 2 5 4 3 7 7 4 5 3 10 4 2 5 1 8 5 2 5 4 3 7 7 4 5 3 9 5 2 5 1 8 5 2 5 4 2 8 
5 7 4 7 4 11 6 2 6 3 8 7 3 5 5 2 10 8 4 7 4 11 6 2 6 3 8 7 3 5 4 3 9 9 4 7 4 11 6 1 6 4 7 7 3 5 5 3 8 9 5 6 5 10 7 1 6 4 5 9 3 3 6 4 8 9 5 6 4 9 9 1 6 4 5 9 3 3 5 5 8 8 5 6 5 9 9 1 4 6 5 8 4 3 5 5 8 7 6 6 4 
6 9 10 3 4 8 5 10 7 3 5 7 12 8 6 6 6 9 10 2 5 8 5 10 7 3 5 6 13 8 6 6 6 7 11 3 5 7 6 10 6 3 5 7 12 7 7 7 6 7 10 4 5 7 5 11 6 2 6 7 12 7 7 7 6 7 10 4 4 7 6 11 6 2 6 6 11 8 8 7 5 8 10 4 4 6 7 10 7 2 6 6 9 10 8 6 6 8 10 4 4 
7 6 7 11 8 7 9 6 9 11 9 8 5 12 11 6 4 7 7 10 9 7 8 7 8 12 8 9 5 12 10 7 4 7 6 11 9 6 9 7 8 12 8 9 5 12 10 7 2 9 6 11 8 7 8 8 7 12 9 7 7 11 11 7 2 9 6 11 8 7 7 9 5 14 7 8 7 11 12 7 2 8 7 10 8 7 8 9 5 12 9 8 7 9 13 7 3 8 7 9 8 
8 10 9 11 6 14 10 7 9 9 12 11 3 11 8 9 9 10 9 11 5 13 12 6 10 8 12 12 3 11 8 8 10 10 9 10 4 14 13 6 9 9 12 12 3 11 8 8 10 10 9 9 5 13 14 6 9 9 12 12 2 10 9 8 9 10 10 9 6 12 14 6 9 10 11 13 2 9 10 6 11 9 9 10 7 12 14 6 9 9 10 15 2 9 10 6 11 9 9 9 8 
9 12 14 6 10 9 12 15 3 8 11 8 10 10 10 9 8 12 13 7 10 8 11 16 4 8 10 7 11 11 9 10 8 12 13 7 9 8 12 16 3 8 11 7 11 11 8 11 7 13 13 7 9 7 11 17 4 7 11 8 11 9 9 11 8 12 12 8 10 7 11 15 6 7 11 7 11 10 8 12 8 12 12 8 10 7 11 14 7 6 11 8 11 10 8 11 8 11 13 9 10 
10 7 12 17 9 6 10 9 11 9 10 11 9 11 16 9 10 8 11 18 9 6 10 8 12 9 10 11 8 11 16 10 10 6 13 18 9 5 11 7 12 10 10 10 9 10 17 9 10 7 13 17 10 5 11 6 13 10 9 11 8 11 15 11 10 7 13 16 10 4 12 7 13 9 10 9 10 10 15 12 8 9 12 15 12 4 12 7 13 9 10 8 11 8 17 10 9 9 12 16 12 
11 5 13 9 12 10 11 11 11 10 16 13 9 9 11 17 14 6 13 9 11 10 12 10 12 10 16 13 8 10 11 14 17 5 14 9 11 10 12 10 12 9 15 15 7 11 10 14 18 5 13 10 10 11 12 10 11 8 16 16 7 10 11 14 18 5 13 10 10 11 12 10 10 9 15 17 7 10 11 14 18 4 12 11 10 10 12 11 10 10 14 17 7 10 12 13 19 4 11 12 8 
12 12 12 10 13 11 14 18 7 10 12 13 23 6 12 14 8 13 11 11 12 12 14 17 7 10 12 13 23 7 10 15 9 12 11 12 12 11 15 16 7 11 11 12 24 8 9 14 9 13 12 11 13 11 15 15 8 10 11 13 24 7 9 14 10 13 12 10 13 11 16 15 8 10 10 12 25 8 8 14 11 13 10 10 14 12 15 14 9 11 10 12 23 10 8 14 10 13 11 9 15 
13 13 15 15 9 13 12 15 21 13 7 15 12 13 15 11 15 13 14 16 10 13 11 16 21 13 7 14 12 13 13 14 15 13 12 18 10 12 11 16 22 13 7 14 11 14 13 14 15 11 13 18 11 12 8 18 21 15 6 15 10 14 13 15 14 12 12 19 10 12 9 18 20 16 6 15 9 15 13 14 15 10 14 17 12 12 9 18 19 14 7 16 10 14 13 15 13 12 12 18 13 
14 9 14 19 20 17 7 17 10 17 14 16 12 15 12 21 12 10 14 19 21 17 7 15 12 16 14 16 13 15 12 18 15 10 14 14 25 17 8 15 12 15 14 17 12 15 13 18 15 9 15 14 22 20 7 16 12 15 13 18 12 15 12 17 17 8 16 13 22 20 7 16 13 14 14 18 12 14 11 18 18 7 15 15 22 20 7 16 13 14 14 18 11 14 12 17 19 7 15 15 21 
15 22 6 16 15 15 14 19 15 14 13 19 20 8 15 16 24 23 6 15 15 14 15 19 14 14 15 17 21 9 14 16 23 25 6 15 15 12 17 18 15 13 16 17 20 9 14 16 23 25 7 13 16 13 16 15 19 13 15 18 19 9 15 15 22 26 8 11 16 12 18 16 18 14 15 18 18 10 14 15 23 25 8 10 17 13 17 17 16 15 15 19 17 11 14 14 22 26 9 9 17 
16 15 17 16 18 16 19 22 16 13 16 14 23 26 12 10 18 13 18 16 18 17 19 20 18 13 16 14 21 25 15 8 19 14 17 17 18 16 19 19 19 14 16 13 21 26 15 8 18 14 17 15 21 16 19 16 22 14 15 13 21 27 14 9 18 13 18 15 21 16 17 17 22 15 15 10 22 27 16 8 19 11 19 15 21 16 18 16 23 14 15 11 22 26 17 8 18 11 20 15 19 
17 19 17 19 22 16 16 11 23 26 16 9 19 14 19 16 20 17 19 18 23 16 13 14 23 24 19 9 19 13 20 16 20 16 19 17 25 14 13 15 22 25 20 9 17 15 19 16 19 18 19 17 22 17 13 15 16 30 20 10 16 15 19 16 19 17 19 19 22 17 11 17 16 26 24 8 18 15 19 15 20 17 19 18 21 19 10 18 14 26 25 8 18 16 18 16 20 17 18 17 22 
18 21 10 18 17 27 28 9 19 19 18 17 20 17 18 18 23 22 10 18 17 26 28 9 18 20 17 17 19 19 17 19 23 22 10 17 18 26 29 9 17 19 17 18 19 18 17 20 22 23 11 16 18 25 31 9 17 19 15 20 18 19 16 21 21 23 11 15 19 25 31 10 15 20 16 19 15 22 17 20 22 22 11 16 18 24 31 12 13 19 16 20 17 21 18 19 23 20 13 15 17 
19 26 30 12 12 23 17 19 21 21 19 20 23 20 17 16 17 25 30 14 10 24 18 18 20 20 19 22 23 19 18 17 17 25 28 16 10 24 16 19 20 20 20 22 21 21 18 17 17 23 27 19 8 25 17 18 21 20 19 22 20 22 18 18 16 23 28 19 8 23 18 18 19 23 19 22 17 25 18 17 16 23 29 18 9 22 18 19 19 23 19 20 18 25 19 17 13 24 29 20 8 
20 27 17 20 19 25 19 22 18 27 17 20 13 27 31 22 8 26 17 20 20 22 22 20 20 24 20 20 12 28 29 21 9 26 19 19 19 23 20 22 19 25 18 19 15 28 27 24 9 26 18 20 19 23 19 22 18 26 17 18 17 27 28 25 9 24 20 19 19 22 21 22 18 23 20 18 17 21 33 25 10 22 21 19 19 22 20 22 20 23 20 16 19 21 29 28 9 24 21 19 18 
21 23 23 21 21 22 22 15 21 19 33 29 9 24 23 20 23 23 23 20 20 23 23 14 20 20 34 29 9 23 24 20 23 23 22 20 20 23 23 15 20 20 32 30 9 22 25 18 24 22 24 19 21 23 23 15 19 21 32 31 9 21 24 18 24 23 23 19 22 22 24 16 18 20 32 33 9 20 23 18 26 22 24 18 23 21 24 15 18 21 32 33 10 18 24 19 25 19 27 18 23 
22 24 23 17 20 20 32 34 14 15 24 20 26 23 28 21 24 25 21 19 19 19 33 34 14 14 25 21 25 24 26 22 24 25 21 20 19 18 31 35 16 12 26 22 24 23 25 22 25 26 20 20 21 18 31 33 18 12 26 20 25 22 26 23 24 25 22 19 22 18 29 32 21 9 28 21 24 21 27 23 24 24 23 19 23 16 29 34 21 9 26 22 23 20 29 24 24 21 26 19 22 
23 17 31 35 21 11 26 22 24 22 30 22 24 22 26 20 22 14 31 36 23 9 28 20 24 22 31 22 25 21 27 18 23 14 32 34 25 9 27 20 24 23 28 25 23 22 25 21 23 13 33 32 23 11 27 22 22 23 29 23 25 21 26 19 22 16 33 30 26 11 27 20 24 23 28 23 25 20 27 18 20 19 32 31 27 11 25 22 22 24 27 25 25 20 24 21 20 18 25 38 27 
24 15 23 23 22 27 27 25 24 24 26 22 19 20 28 34 31 13 26 23 22 26 28 25 23 24 25 24 17 22 26 34 30 13 27 24 21 27 27 26 22 23 25 25 17 21 27 35 31 13 26 25 21 27 27 24 23 23 25 25 18 21 27 32 32 13 25 26 19 28 25 27 22 24 25 25 17 21 28 32 34 13 24 25 19 28 26 26 22 25 23 26 19 20 25 34 34 14 23 24 19 
25 30 26 27 22 26 25 27 22 22 26 37 36 16 21 26 21 29 23 30 22 26 26 26 22 23 25 36 35 18 18 25 22 29 26 29 22 26 27 24 24 21 25 37 36 18 17 26 23 28 27 27 23 26 26 25 25 20 23 37 36 20 15 27 24 27 26 26 23 26 28 24 25 22 23 37 35 22 15 27 21 29 25 27 24 25 27 26 24 23 23 35 32 26 11 30 22 28 24 28 24 
26 25 25 28 26 26 22 39 36 28 13 30 25 28 24 30 27 25 22 31 26 25 22 39 36 26 15 28 26 27 26 30 24 26 23 31 26 26 18 40 38 28 13 30 24 27 26 31 24 27 22 32 24 27 18 41 35 30 13 28 25 27 27 28 27 25 23 30 26 28 17 42 34 28 15 28 27 25 26 30 25 27 22 31 23 28 20 42 31 28 17 29 24 28 26 29 25 27 21 32 22 
27 27 24 41 35 30 20 27 30 27 27 30 28 27 24 29 25 27 23 34 41 30 21 25 30 26 27 31 28 26 27 29 25 24 26 34 37 34 19 28 28 28 26 32 27 26 27 28 26 23 28 32 37 33 19 29 28 28 27 31 28 25 26 28 27 23 27 32 39 34 19 27 30 27 28 31 26 26 26 28 27 24 26 32 37 35 18 27 29 27 29 29 28 26 27 28 27 23 26 32 38 
28 38 23 26 29 27 29 30 28 26 30 28 28 25 26 31 40 38 24 25 28 27 31 29 29 25 30 27 29 24 26 30 42 39 25 23 29 28 30 26 32 25 29 29 28 24 27 29 41 37 26 22 28 29 30 29 31 25 29 30 26 26 25 27 44 38 26 21 29 30 29 30 28 27 29 29 27 27 24 25 44 38 27 20 30 31 28 28 28 27 28 32 25 28 26 25 44 37 29 20 30 
29 28 31 27 31 30 27 32 29 29 27 27 42 38 34 20 33 29 30 26 32 30 27 30 29 31 28 25 42 40 35 20 30 31 29 24 35 31 27 27 32 31 27 25 42 39 34 22 28 32 28 26 35 28 28 28 32 30 29 21 43 41 35 21 30 30 28 26 36 28 29 27 33 28 30 21 44 38 35 22 29 31 27 28 33 31 27 28 31 30 30 20 46 37 33 23 30 32 26 27 35 
30 32 30 29 34 28 30 23 46 34 35 25 31 30 29 29 37 32 30 28 35 27 28 26 44 36 35 27 29 32 27 30 35 34 29 30 32 29 29 25 37 42 34 29 27 32 26 30 36 34 28 33 32 29 26 27 38 37 39 26 31 30 28 29 37 33 27 34 31 30 25 29 36 37 38 26 32 30 28 30 35 35 26 33 31 30 26 28 36 39 39 26 30 32 27 31 34 34 27 33 31 
31 32 27 28 37 39 42 25 32 33 29 33 33 37 29 36 35 31 27 28 37 40 44 25 31 32 29 31 36 36 29 35 35 32 28 28 34 42 44 26 30 31 28 34 35 36 29 35 34 32 28 28 33 44 45 27 28 32 29 33 32 39 29 34 35 31 29 29 32 43 43 28 27 31 30 33 34 37 31 34 36 29 31 27 29 47 44 28 26 32 31 32 35 33 34 34 35 29 33 24 29 
32 47 45 31 25 36 32 32 33 34 36 34 39 27 35 29 34 47 44 32 26 35 30 34 30 36 38 32 39 30 33 30 34 44 42 36 23 38 31 33 29 37 38 32 36 30 35 31 32 44 43 38 23 34 34 32 27 39 40 31 33 35 35 30 31 45 42 37 24 33 35 31 29 39 37 32 33 35 34 32 27 46 44 38 23 35 32 31 30 40 37 32 32 38 32 33 27 46 42 38 24 
33 34 36 34 33 37 40 32 32 36 35 34 25 51 43 38 26 35 37 33 32 39 38 34 31 38 31 34 29 51 38 40 28 36 34 36 31 39 38 34 30 38 30 32 32 48 41 40 30 34 36 32 34 37 40 32 33 36 32 33 31 40 48 39 32 32 36 31 34 38 40 31 36 35 32 30 31 43 43 44 29 36 33 34 33 39 37 32 37 35 33 29 33 41 43 42 30 36 34 34 34 
34 38 39 33 36 37 34 30 33 46 47 43 33 34 36 34 36 37 37 35 36 38 34 30 33 46 44 44 32 34 36 34 36 36 38 35 37 38 33 30 33 46 45 45 33 33 34 34 35 39 37 34 37 39 34 31 32 44 46 46 34 32 33 33 38 38 37 34 37 37 34 31 32 43 47 48 35 30 34 34 36 35 40 35 36 38 34 32 33 41 47 46 35 30 33 34 37 37 38 36 37 
35 39 34 34 32 38 52 48 36 29 37 36 37 43 35 39 40 38 35 36 28 39 51 49 37 26 40 35 38 40 36 39 38 40 33 38 30 38 52 48 38 27 39 33 40 37 38 40 37 40 36 36 31 38 49 46 42 24 42 34 39 35 40 40 36 38 36 38 32 35 50 47 44 24 38 37 38 33 42 42 35 34 42 38 31 34 51 45 44 25 37 38 37 34 43 39 36 34 42 37 33 
36 29 54 48 47 29 38 37 39 36 45 39 37 35 45 35 36 29 54 46 46 31 36 39 37 39 42 40 37 35 43 36 36 26 58 46 44 32 37 39 36 39 44 38 39 34 45 32 36 30 58 41 45 35 38 35 40 37 45 38 39 33 43 33 34 33 55 44 45 37 36 37 36 40 43 40 37 36 40 35 36 32 47 51 44 37 36 37 35 39 45 40 35 40 39 35 32 33 49 47 47 
37 37 43 34 38 40 48 37 37 42 41 36 32 35 47 49 46 37 44 35 37 42 46 39 36 41 40 36 33 34 47 51 46 37 42 38 36 43 45 37 38 41 41 36 33 34 47 48 47 36 42 38 36 42 45 38 37 43 41 35 33 34 47 48 49 37 41 36 36 41 48 37 36 43 42 36 34 33 45 49 50 38 40 35 35 44 46 38 36 43 39 37 34 33 44 50 51 40 38 36 36 
38 42 42 45 39 42 41 38 37 34 42 51 50 41 39 36 38 43 44 43 39 44 41 36 37 34 39 55 51 40 37 38 38 43 45 39 42 43 41 37 39 30 40 54 52 41 33 43 37 44 42 40 41 42 43 35 41 32 38 56 51 41 35 41 35 46 39 41 43 41 43 38 39 33 38 53 49 45 32 45 36 45 37 42 43 41 41 38 41 34 35 53 51 47 32 40 39 43 36 44 45 
39 41 39 44 44 34 36 54 50 48 32 43 43 42 37 45 43 42 38 44 41 39 31 56 51 49 32 43 41 41 39 46 42 42 38 47 39 39 32 56 49 48 34 42 43 39 42 43 43 41 39 45 40 39 29 60 48 46 36 42 43 37 43 45 41 43 38 47 36 39 33 59 43 48 39 44 39 41 40 47 41 43 37 45 36 38 36 56 46 48 41 41 41 37 43 45 43 41 39 43 38 
40 41 37 48 56 49 40 45 42 37 43 47 43 41 42 44 41 37 38 50 52 52 39 48 39 39 42 49 40 42 43 44 42 36 39 48 53 50 39 49 41 38 44 47 42 40 42 44 41 38 37 49 55 50 39 46 44 37 45 46 40 42 42 45 41 38 37 49 52 51 38 47 44 37 44 46 41 41 44 45 38 40 37 49 52 53 39 45 41 38 43 49 40 40 44 46 39 41 36 47 52 
41 56 42 45 41 38 48 47 43 42 44 45 40 41 36 47 54 57 44 42 41 40 46 43 46 44 43 46 40 42 36 46 53 55 44 42 40 41 45 47 44 43 46 46 38 42 36 43 58 55 44 40 42 41 45 48 40 45 46 46 39 43 33 44 56 55 46 36 47 40 46 45 41 44 45 47 38 45 35 42 59 53 47 37 46 38 48 42 42 45 45 46 42 43 36 42 55 51 51 34 49 
42 41 49 43 43 47 47 44 44 46 39 39 57 53 54 36 43 45 47 42 45 49 46 40 50 46 38 38 57 51 54 35 45 46 45 43 47 46 47 39 49 44 43 32 60 53 55 35 45 43 45 45 48 45 47 39 52 42 42 34 59 51 54 37 44 45 43 48 44 47 46 40 50 43 41 32 63 51 52 39 44 45 41 47 48 45 48 39 52 39 41 36 61 46 54 41 47 41 45 44 50 
43 47 50 39 50 40 40 39 59 50 54 45 44 44 42 47 51 49 46 43 47 43 42 38 51 56 53 44 46 44 41 46 53 49 44 45 48 43 38 39 53 53 56 43 49 41 43 45 55 46 45 46 48 44 37 40 51 53 53 44 50 43 41 48 53 48 42 46 48 43 39 38 52 56 51 46 46 47 40 49 51 47 44 46 49 43 39 38 52 52 52 45 47 47 40 48 51 47 44 48 48 
44 41 42 39 53 53 54 49 47 45 42 49 57 48 43 48 49 43 43 38 51 52 56 50 47 43 42 51 55 50 43 48 46 43 44 37 51 54 57 51 45 43 44 48 52 52 45 48 47 43 45 37 49 54 55 51 45 41 46 46 57 50 44 51 47 41 45 37 46 59 55 51 43 43 45 47 58 46 46 51 47 42 46 34 47 57 55 52 40 48 44 48 55 47 45 50 48 41 47 37 45 
45 60 53 53 42 48 42 52 52 47 49 50 47 46 45 40 46 57 51 57 38 52 44 51 50 47 50 49 46 45 48 41 42 58 53 59 37 46 49 49 49 49 52 48 42 51 48 40 41 59 51 57 38 48 50 47 50 50 50 49 41 50 45 46 35 61 53 58 37 49 47 47 52 50 50 49 41 53 43 43 39 61 51 57 39 47 50 45 53 48 52 48 42 50 45 42 37 64 51 54 42 
46 47 50 43 54 52 52 51 42 54 42 42 42 63 47 57 47 50 46 47 51 54 52 51 41 52 42 41 45 59 51 56 50 47 48 42 55 52 54 47 45 49 45 43 44 52 57 54 50 49 48 41 53 55 54 45 47 50 44 40 45 53 54 56 50 52 45 43 52 57 50 47 48 50 45 39 46 52 54 53 51 53 46 42 54 56 52 44 48 50 44 41 44 52 57 51 53 49 50 41 55 
47 54 52 46 48 54 47 41 45 57 54 55 52 51 50 43 54 55 52 46 50 53 45 43 44 57 55 56 54 49 47 44 53 58 51 45 49 54 47 44 43 55 55 58 55 49 45 44 55 56 53 45 49 51 47 45 42 53 58 59 56 47 44 46 52 54 54 48 49 52 46 47 42 51 58 58 56 47 42 48 50 59 52 47 52 52 44 47 41 49 62 58 56 45 44 47 51 60 48 49 52 
48 53 45 48 37 51 60 60 57 45 50 46 53 59 48 49 51 54 44 49 39 50 62 58 58 46 49 43 55 57 47 51 52 53 48 47 40 50 59 55 63 42 52 46 53 56 47 52 51 51 48 50 41 46 60 57 65 41 46 51 51 55 49 54 49 48 53 51 40 44 62 55 62 43 48 52 49 55 51 52 50 46 52 49 46 38 64 57 63 41 50 49 49 57 51 52 50 46 55 47 43 
49 42 65 56 62 47 49 54 47 59 49 55 49 48 53 51 43 41 68 56 58 51 49 54 45 58 53 53 51 46 56 46 44 45 67 51 60 53 52 50 48 56 55 53 51 44 55 46 43 48 63 55 59 55 50 51 44 60 53 55 47 48 52 49 45 47 56 61 57 55 52 51 43 58 56 55 45 49 54 48 42 48 57 58 59 55 55 47 46 57 58 51 47 50 54 49 41 49 56 58 56 
50 54 58 49 48 59 60 53 47 52 56 49 44 48 59 61 57 56 54 53 47 59 58 53 49 51 58 48 45 47 61 56 59 55 55 52 48 57 59 53 49 53 57 45 47 47 61 56 61 57 53 49 48 57 62 52 48 52 58 47 48 46 59 56 62 59 53 47 48 59 60 54 48 52 54 48 49 45 56 59 64 60 51 46 50 56 58 55 51 52 53 49 51 45 54 59 63 59 52 44 52 
51 55 64 54 51 55 56 47 50 45 53 64 66 60 52 49 51 56 65 50 53 55 56 48 51 41 54 63 67 60 50 54 50 57 62 49 54 54 57 47 52 43 53 65 65 60 52 53 47 59 60 48 56 55 56 51 50 44 53 61 63 65 48 56 49 58 59 48 57 54 54 51 53 45 49 62 64 67 47 51 53 57 58 50 59 52 50 57 54 44 46 65 62 64 49 53 54 55 58 52 57 
52 54 49 57 52 50 41 68 64 65 47 57 51 56 59 53 57 54 49 60 50 47 45 68 61 64 50 54 55 52 62 51 59 53 50 57 52 45 44 71 60 61 53 55 55 50 61 55 56 56 48 60 47 46 48 70 55 63 55 57 52 53 59 57 56 56 46 59 47 45 50 67 58 63 57 53 55 49 63 55 57 52 51 56 50 47 49 60 64 61 57 55 55 48 61 58 57 50 52 58 49 
53 45 51 62 61 63 57 58 55 51 60 61 55 52 58 58 52 43 53 61 61 60 56 61 55 51 61 61 56 50 58 58 50 46 50 62 62 60 58 57 59 50 61 59 56 52 57 60 49 46 50 63 58 62 57 58 58 51 59 60 56 51 59 60 46 48 50 63 58 64 59 56 55 51 59 63 55 50 58 61 48 49 49 61 58 65 61 56 53 50 62 61 57 50 57 58 49 50 48 58 61 
54 67 63 56 52 52 61 62 57 56 57 57 53 53 48 57 61 66 62 57 50 54 58 67 55 56 57 60 51 52 48 55 65 66 61 56 52 53 59 68 51 58 57 60 52 53 44 56 64 67 61 54 57 52 60 65 50 59 56 61 51 54 46 54 67 65 61 56 56 49 62 63 49 61 57 60 55 52 47 54 63 63 66 51 60 51 61 62 49 61 56 59 55 55 48 50 64 64 68 49 56 
55 56 61 61 51 64 55 55 62 56 47 51 69 62 64 52 59 57 59 61 53 62 56 53 60 55 53 45 71 64 65 50 61 54 59 61 55 62 56 53 62 54 49 49 72 61 64 53 58 58 55 64 53 64 55 54 59 56 47 47 76 60 61 56 58 59 53 63 57 61 58 52 62 51 48 51 75 55 63 58 59 57 56 61 59 61 58 50 61 51 47 53 72 58 63 60 55 59 53 65 57 
56 62 55 55 59 54 50 52 65 65 62 63 57 61 54 63 60 62 54 56 61 53 46 54 66 62 64 62 59 58 56 63 62 57 55 58 62 54 44 56 65 62 61 61 62 58 56 63 63 57 55 58 60 54 47 53 66 63 61 62 59 62 55 63 61 57 56 57 62 53 47 52 67 60 63 60 61 61 56 61 62 57 56 59 62 49 50 52 66 61 65 61 60 58 55 61 66 56 54 58 63 
57 51 52 50 67 62 66 66 61 57 54 64 66 59 54 59 61 53 53 49 64 65 69 67 59 57 55 62 64 58 58 59 59 55 55 49 62 64 68 66 59 55 56 60 69 56 59 59 62 53 54 49 60 69 67 66 59 56 56 61 70 52 60 58 63 54 55 45 61 67 68 66 56 61 55 62 67 50 63 57 64 53 56 47 59 70 67 66 59 60 52 64 65 49 64 58 63 57 54 48 59 
58 65 65 72 55 65 55 66 64 49 63 59 65 59 57 50 56 67 66 74 55 61 59 65 62 52 66 56 61 64 59 48 54 69 64 69 57 63 60 63 62 54 63 58 59 62 57 55 48 72 66 70 57 65 57 62 63 56 64 57 58 65 56 51 52 72 63 68 59 62 61 58 65 55 65 57 59 62 58 49 50 77 62 65 64 62 62 56 64 59 63 59 57 65 53 50 54 75 57 67 64 
59 66 60 61 63 62 62 64 55 65 56 49 55 74 60 67 70 60 64 57 68 60 64 59 60 62 59 51 54 66 66 65 67 61 66 56 66 63 63 58 61 63 59 47 56 67 64 67 67 64 62 59 66 65 59 59 63 64 60 45 57 67 63 63 66 65 63 59 66 66 58 59 63 62 59 49 54 68 65 63 67 64 67 58 66 64 59 60 62 64 57 50 53 69 61 64 65 65 66 59 64 
60 68 59 61 65 64 54 54 53 68 64 66 66 67 65 60 67 72 59 58 65 65 56 55 50 68 63 66 69 65 62 59 71 70 60 58 64 62 58 56 49 65 66 69 70 64 62 60 69 68 59 62 64 61 60 58 49 63 65 68 69 63 60 60 68 73 57 61 65 64 58 57 49 61 70 67 68 65 61 60 68 74 54 63 63 66 59 58 45 62 67 69 68 60 67 59 69 71 52 65 62 
61 68 58 60 48 61 71 68 69 66 65 60 73 72 51 67 63 67 62 58 49 61 65 67 74 59 69 61 73 71 51 65 63 67 62 60 51 57 67 68 76 59 64 65 72 68 56 68 60 63 67 62 49 55 69 66 71 61 66 65 70 69 58 64 63 61 65 60 56 49 72 68 72 61 68 62 69 70 60 64 63 60 68 59 52 53 72 65 70 63 65 66 64 73 59 65 63 61 65 61 50 
62 51 78 64 68 68 68 66 63 73 63 64 66 61 68 59 52 55 76 59 70 67 70 63 67 69 67 63 67 57 68 60 51 56 75 62 69 72 64 67 63 74 65 65 62 61 66 63 53 55 67 68 67 69 65 69 62 71 69 64 61 62 67 63 49 56 69 66 69 69 68 65 65 71 71 60 62 64 68 64 47 57 69 65 65 68 69 66 65 71 72 59 61 65 66 63 51 54 70 67 64 
63 70 69 70 65 74 71 59 64 64 69 60 54 55 71 65 67 68 70 69 66 71 71 59 64 66 68 57 56 56 70 67 69 69 70 67 65 71 76 59 61 66 69 58 58 52 71 65 70 72 68 64 64 73 75 60 61 65 66 59 60 51 67 69 73 72 67 65 64 73 73 59 64 65 66 61 62 51 65 68 72 71 66 63 64 71 78 57 62 67 68 60 61 51 63 73 70 71 68 63 65 
64 72 79 54 67 65 71 61 62 48 64 70 72 71 63 69 65 72 76 52 69 64 72 60 64 49 63 73 71 71 67 67 63 75 74 51 71 65 71 64 61 50 63 67 70 76 60 71 64 74 73 51 69 65 71 64 64 52 59 69 71 77 61 66 67 73 72 56 72 62 67 69 65 50 57 71 69 72 63 68 66 72 71 59 68 65 65 66 64 58 51 74 71 73 63 70 63 71 73 61 67 
65 67 66 70 62 55 58 76 69 72 66 68 69 67 76 60 68 68 66 68 63 55 56 80 68 69 69 70 69 66 76 64 66 70 64 70 59 54 61 79 62 72 68 72 66 70 71 68 64 72 60 70 60 54 62 77 65 71 73 66 70 66 77 66 66 67 63 69 63 55 61 70 71 69 70 67 72 65 72 71 65 66 64 70 63 52 62 71 69 71 70 70 68 68 73 73 61 67 66 71 64 
66 51 64 71 70 68 70 72 70 69 74 76 60 66 68 69 63 56 61 71 70 69 72 71 73 68 76 74 60 68 67 71 60 57 59 74 66 70 70 72 72 69 73 74 60 68 68 71 57 60 60 71 69 72 71 72 69 69 73 79 60 65 68 72 58 60 56 74 67 73 74 69 67 68 75 78 61 65 67 69 59 63 55 69 71 76 74 68 68 68 75 76 60 68 67 69 61 64 55 67 71 
67 75 73 69 67 69 74 81 58 68 71 71 61 64 56 66 75 73 73 71 66 71 75 82 55 70 69 73 62 63 53 67 73 75 73 65 73 70 74 80 53 71 69 74 61 65 54 66 74 75 73 69 71 68 77 78 52 73 70 73 65 62 54 67 69 74 78 62 74 69 77 77 52 71 69 74 65 65 56 63 70 75 78 64 69 72 76 76 57 73 66 71 70 66 53 62 73 73 73 65 72 
68 70 78 76 60 70 70 69 68 66 61 57 75 77 76 68 75 67 76 77 64 69 71 68 71 62 59 61 76 73 75 69 72 72 71 79 63 69 71 69 69 63 59 59 80 72 72 70 76 71 71 79 67 67 73 67 71 59 58 64 79 66 75 69 78 68 75 74 71 64 76 63 71 60 58 64 78 69 74 74 72 72 71 80 68 67 71 66 70 63 58 63 72 75 72 71 73 74 69 76 73 
69 67 72 68 72 65 56 64 74 75 76 72 78 72 73 78 76 63 73 70 73 66 53 65 74 73 73 72 79 73 73 76 77 62 71 72 71 65 58 62 74 72 75 74 78 76 72 79 75 62 73 71 73 62 59 60 77 68 76 72 78 76 73 75 75 62 73 71 74 59 62 61 74 71 77 74 78 73 72 77 80 62 69 72 74 61 62 57 77 69 78 77 75 71 71 78 79 63 69 70 72 
70 63 65 56 73 73 81 80 74 72 72 79 79 62 72 70 72 63 68 56 72 73 79 80 73 70 72 77 83 59 71 72 74 61 69 56 69 77 77 80 75 69 74 77 85 57 73 70 76 62 68 53 71 75 79 79 70 75 74 76 81 56 74 70 77 61 70 54 69 75 80 79 74 73 72 79 80 55 76 71 76 65 67 54 71 70 79 84 67 76 72 80 78 55 74 70 77 65 70 56 66 
71 71 81 86 69 71 76 79 79 60 76 67 74 71 70 54 66 73 80 80 71 74 74 79 77 63 72 70 71 69 69 62 59 75 82 81 71 76 70 78 79 67 71 71 69 73 65 60 64 76 78 80 71 74 75 73 80 66 70 72 70 71 66 60 61 80 75 78 73 78 74 72 82 69 68 75 68 73 62 59 66 80 68 82 71 81 70 77 76 73 65 78 64 73 63 59 65 79 71 81 76 
72 76 76 75 84 70 68 74 68 74 66 60 65 75 77 81 75 77 78 73 79 75 67 72 69 74 67 57 65 75 76 82 76 79 75 76 81 77 63 74 71 75 68 54 67 75 74 79 76 80 76 75 80 78 62 71 73 73 67 59 63 75 73 81 78 79 79 74 82 77 62 74 72 75 64 60 61 79 69 82 76 79 79 75 78 77 62 73 72 75 62 63 61 76 72 83 78 79 76 74 80 
73 82 66 69 74 77 64 63 59 79 70 84 84 76 74 74 81 81 67 69 71 75 65 66 57 74 74 86 86 75 73 76 81 80 66 72 72 75 65 69 57 73 74 81 88 74 71 76 79 84 63 71 73 77 63 70 57 70 78 80 88 76 70 78 79 86 61 73 72 79 64 69 54 72 76 81 87 71 76 77 78 83 60 74 71 80 63 71 55 70 76 83 87 75 74 75 81 82 59 76 73 
74 79 68 68 56 73 71 81 92 70 80 75 83 80 59 77 71 81 68 71 58 68 72 83 92 72 75 78 83 80 64 78 69 78 73 71 55 69 74 81 86 74 78 76 82 78 67 74 71 76 71 70 63 62 76 84 87 74 79 73 81 81 70 73 74 73 75 66 61 67 77 79 85 75 76 79 76 81 69 72 74 75 73 67 61 64 81 77 83 76 81 78 75 84 71 71 78 72 75 63 60 
75 69 81 71 87 73 89 74 82 78 75 68 81 69 74 66 61 68 80 74 87 78 82 78 78 86 72 71 77 69 75 68 61 68 75 79 84 76 84 80 76 80 77 70 75 71 75 69 58 68 75 78 86 77 85 77 79 83 79 66 77 71 77 70 55 70 75 76 82 77 87 78 77 81 80 66 74 74 75 68 61 66 75 75 84 80 85 81 76 84 79 66 77 72 77 65 62 64 79 71 83 
76 79 87 81 77 79 81 66 77 75 79 64 67 64 76 74 86 81 85 79 76 82 86 66 73 76 79 66 67 61 79 72 86 85 83 77 74 83 84 68 73 74 76 68 70 59 74 76 87 87 80 77 76 84 83 67 76 74 77 67 73 58 74 76 83 89 78 77 76 81 87 64 75 76 78 66 74 58 71 80 81 89 79 76 78 82 89 62 77 74 81 66 73 55 73 78 83 88 74 82 78 
77 80 87 61 80 76 82 67 78 56 72 79 86 89 78 81 77 84 86 60 81 77 81 71 73 58 74 73 85 94 72 85 77 84 84 60 79 76 83 71 76 60 69 75 86 93 74 79 80 84 84 65 80 73 80 76 76 57 70 75 86 88 75 84 78 83 82 68 76 75 79 74 75 65 63 77 89 88 74 85 75 82 85 71 75 76 77 78 71 63 68 77 85 87 75 83 81 77 84 71 74 
78 78 81 77 72 64 65 83 82 85 76 87 81 76 87 73 74 81 78 78 69 63 70 82 74 91 74 92 76 82 80 76 71 85 75 76 72 63 69 81 78 89 78 85 80 78 87 74 74 80 75 77 74 63 69 76 82 87 78 87 82 76 81 79 72 80 77 77 74 61 69 76 82 87 78 88 79 79 84 81 68 81 77 79 74 59 71 76 79 84 80 90 80 77 82 82 68 79 79 78 71 
79 66 69 80 79 86 82 90 86 78 85 83 70 85 80 82 72 68 66 85 74 86 83 91 86 79 80 83 70 84 82 82 69 72 66 82 78 87 83 89 84 78 82 89 70 79 82 83 71 72 62 85 76 87 88 88 82 76 83 87 72 79 81 80 73 75 60 79 81 89 88 85 82 78 84 86 71 82 80 81 72 78 59 79 80 85 92 82 83 78 81 90 67 81 84 82 71 79 59 76 85 
80 84 91 86 83 80 84 91 68 82 82 86 73 79 57 78 82 87 92 81 88 81 82 88 66 84 83 86 73 81 58 76 83 88 90 84 86 79 86 87 65 85 84 85 76 77 60 77 78 87 96 78 89 80 86 85 65 82 84 87 76 80 62 72 80 88 94 79 84 83 86 85 70 83 80 84 81 81 59 73 80 87 90 81 88 82 85 83 71 81 82 83 79 80 66 67 82 90 90 79 89 
81 79 86 87 74 80 84 82 84 77 65 71 84 87 91 81 86 86 82 86 73 78 86 84 82 77 67 67 89 84 90 81 90 85 80 90 75 77 89 81 83 74 66 72 88 76 95 79 94 81 86 83 78 74 93 78 80 78 66 71 86 80 95 83 87 85 82 90 76 77 88 78 81 79 67 71 81 84 92 82 90 87 80 84 81 75 87 81 81 79 65 71 81 84 93 81 92 84 82 88 83 
82 73 88 81 83 80 64 73 81 82 90 83 96 85 80 87 84 73 85 85 82 77 70 70 81 81 92 84 92 88 80 89 83 74 87 82 84 73 72 67 86 76 91 86 94 88 80 85 83 74 86 84 85 70 76 67 83 80 93 85 91 86 78 88 89 74 80 85 84 73 76 63 86 78 92 91 91 84 76 89 87 76 80 84 82 75 78 62 80 83 94 91 87 84 78 90 86 75 83 83 82 
83 74 82 62 80 83 92 95 85 86 79 88 90 72 82 87 86 73 83 62 77 88 89 93 86 85 81 90 91 71 83 84 88 74 82 58 79 85 92 94 82 90 82 86 89 69 85 85 89 74 84 59 77 86 92 93 84 88 80 91 88 67 86 87 87 77 80 61 78 81 90 100 79 91 81 88 88 67 83 87 90 77 83 63 73 83 90 99 79 86 84 89 88 72 84 83 86 82 84 60 74 
84 83 91 95 84 91 83 87 88 74 83 85 87 81 83 68 70 86 94 95 80 92 80 87 90 78 81 86 85 85 79 66 73 88 89 95 83 89 87 82 89 77 79 88 88 83 78 69 69 92 87 93 82 92 86 81 93 79 78 91 84 84 74 69 74 91 79 99 81 96 83 86 86 82 75 95 82 81 78 69 73 89 83 98 84 88 87 83 93 80 78 90 81 82 79 70 73 84 87 96 84 
85 92 89 81 87 86 78 89 86 85 81 68 74 86 88 99 83 93 86 84 91 87 75 91 84 87 81 67 75 87 85 95 85 98 87 81 89 88 75 87 88 86 78 73 72 87 84 97 86 93 90 82 91 87 76 89 86 88 73 75 70 91 80 96 88 96 90 81 87 86 77 88 87 88 71 79 70 88 84 98 87 92 88 79 91 92 77 81 90 87 74 79 66 90 83 97 93 93 86 77 91 
86 92 80 81 91 84 77 81 66 84 88 99 92 89 86 80 93 91 79 84 89 85 76 84 65 84 86 96 96 88 87 80 88 95 76 83 92 87 76 85 65 81 91 93 93 89 86 82 90 96 75 84 89 89 77 84 61 83 88 96 94 86 91 83 86 94 73 86 90 90 77 86 62 81 89 96 93 86 90 81 91 93 71 87 91 89 80 82 64 82 83 95 100 82 93 82 88 93 71 84 91 
87 93 80 85 66 78 87 97 99 83 89 86 90 92 78 86 89 89 85 86 63 79 86 96 96 86 93 85 88 88 78 87 91 89 83 85 70 72 88 100 96 83 94 82 87 91 82 85 91 88 87 81 68 75 90 95 96 85 91 89 82 90 81 83 93 91 85 80 71 71 94 93 94 85 94 87 82 94 83 82 94 88 87 76 71 76 93 85 100 82 99 84 87 87 86 79 98 86 84 80 71 
88 74 92 90 100 86 92 88 85 96 84 83 94 86 85 82 73 74 87 92 100 85 96 90 82 90 88 82 93 90 85 82 70 75 87 92 100 84 97 86 86 94 89 79 94 88 87 82 69 76 88 89 96 85 102 87 83 92 90 78 92 92 86 79 75 73 87 88 99 86 98 90 84 93 90 79 93 90 88 74 76 72 91 84 98 88 100 90 83 89 89 80 92 92 88 72 80 72 88 88 100 
89 90 98 91 81 95 96 80 85 94 89 76 81 70 90 89 99 95 98 89 80 94 94 82 83 95 86 78 83 68 85 93 102 95 95 87 83 97 93 81 85 94 87 78 86 67 85 90 100 98 93 89 83 90 98 78 84 97 89 77 87 67 82 94 98 96 94 88 85 93 99 77 85 94 91 78 87 63 84 91 101 96 90 94 86 88 96 76 87 94 93 77 89 64 82 92 100 97 91 92 84 
90 94 96 75 88 96 92 82 87 69 84 87 99 104 87 96 87 91 96 76 85 96 95 81 90 71 79 89 99 104 86 91 91 92 95 81 86 92 91 87 91 68 80 88 98 100 89 96 89 90 91 80 89 94 90 85 90 75 73 90 102 100 87 96 87 89 94 84 86 94 89 90 86 72 77 92 97 99 89 94 93 84 93 83 85 96 92 87 85 74 74 96 95 97 90 96 92 84 97 85 83 
91 98 92 93 81 75 79 95 88 103 87 101 90 90 91 90 82 102 90 89 85 75 77 93 93 102 91 94 93 89 98 88 84 97 88 91 87 74 79 88 95 101 89 98 96 85 92 92 83 97 92 91 86 71 80 88 95 101 89 100 90 91 96 93 79 98 90 93 87 70 81 89 92 97 88 105 92 87 94 93 80 96 94 92 83 76 78 88 91 100 90 102 94 89 95 93 80 97 92 94 79 
92 77 78 92 87 101 91 103 96 88 93 93 83 98 94 97 77 81 78 88 91 103 91 100 94 86 98 98 83 91 96 96 80 81 74 92 90 102 96 99 91 85 98 95 87 89 97 93 82 83 72 86 94 104 97 97 89 89 100 93 86 90 97 94 81 87 70 88 91 102 100 94 91 88 93 99 84 89 100 95 81 88 70 84 95 100 97 97 90 91 94 101 82 90 97 97 82 88 66 87 92 
93 103 99 94 98 91 91 99 83 94 98 103 80 91 68 85 95 102 100 96 96 90 97 98 80 93 100 101 85 88 70 87 89 100 107 90 98 90 95 98 81 90 100 103 85 91 72 81 91 100 107 90 93 95 96 97 86 91 95 100 91 92 69 83 90 99 103 91 99 91 95 93 85 93 98 99 89 91 76 75 92 103 103 90 99 90 94 96 89 89 99 98 94 87 73 80 94 98 102 91 97 
94 95 91 95 88 88 102 102 92 87 77 76 101 97 100 95 101 95 89 101 89 87 102 100 95 82 78 82 99 89 106 91 105 91 94 94 92 85 106 98 91 86 78 79 98 94 105 95 98 95 93 101 90 87 101 95 94 88 77 81 93 96 103 93 103 97 88 96 94 86 100 100 94 87 74 82 93 96 103 93 105 92 93 101 95 81 102 97 97 87 73 84 94 93 99 92 109 94 89 99 95 
95 84 102 100 100 84 80 86 95 94 102 94 109 98 93 101 95 84 103 98 102 80 81 85 98 90 102 94 110 99 90 98 94 85 103 99 103 77 85 85 94 95 104 93 107 99 88 103 99 85 96 101 102 80 84 82 97 94 103 98 106 95 87 103 96 89 94 102 99 82 86 79 92 99 104 100 104 93 92 105 94 88 94 103 100 81 90 77 93 96 102 103 101 95 90 97 100 86 94 104 103 
96 81 92 79 89 102 102 102 107 94 94 100 102 84 94 102 106 82 91 75 92 99 106 102 101 100 92 97 100 84 95 103 108 80 94 75 90 101 104 103 103 99 91 103 98 81 94 104 107 85 91 77 92 94 103 110 96 101 91 101 99 82 91 104 108 86 94 79 86 96 103 110 97 96 96 102 97 87 92 99 105 92 95 74 89 95 103 106 97 102 92 101 93 87 94 102 104 90 94 80 81 
97 100 106 107 96 104 91 101 96 91 90 105 104 97 91 80 89 101 102 105 96 103 96 96 95 90 90 106 107 95 90 82 85 105 100 103 98 106 96 94 101 90 89 106 103 100 84 83 91 104 93 109 93 110 92 99 94 94 87 110 101 96 88 83 88 103 97 108 98 103 96 98 101 91 89 105 97 100 89 83 90 97 101 106 94 109 98 93 96 96 88 103 103 99 88 81 90 98 100 105 94 
98 114 94 97 103 95 85 105 102 103 90 82 93 100 98 102 94 117 96 94 103 96 86 104 102 104 88 87 90 98 98 105 96 113 100 95 103 95 86 104 101 105 84 88 89 101 95 105 96 113 102 93 101 95 87 104 102 107 81 92 89 97 99 107 95 110 102 90 105 99 87 97 104 105 84 91 86 100 97 107 101 108 99 90 106 97 91 95 105 103 86 93 83 95 101 108 103 107 96 94 107 
99 94 92 95 106 105 86 97 82 98 99 107 106 103 99 95 101 101 90 95 108 108 86 97 83 93 105 105 102 108 98 97 102 102 87 95 106 110 87 96 79 96 102 107 103 102 104 96 100 100 87 96 108 112 84 98 81 93 105 106 104 104 103 94 105 98 84 95 108 111 89 94 84 95 98 104 111 97 105 95 103 100 85 92 108 113 89 97 87 89 100 105 111 98 100 99 103 98 90 93 102 
100 110 97 99 82 94 101 104 107 99 106 97 104 95 91 98 106 109 96 98 87 86 106 109 107 98 107 94 102 99 95 94 106 108 100 94 83 92 107 103 105 98 106 100 98 98 93 94 108 111 98 94 85 88 110 103 104 100 108 99 96 104 94 93 107 107 102 88 86 94 109 95 109 95 112 95 103 97 97 91 112 105 99 92 86 91 108 100 109 100 105 98 101 103 96 93 106 101 102 93 86 
101 94 102 103 107 100 112 101 97 99 102 93 108 109 103 92 85 94 103 103 107 100 115 96 101 105 100 90 108 106 106 92 83 97 104 100 102 99 118 97 98 104 101 91 107 107 107 90 88 94 102 101 106 101 114 101 100 105 100 91 107 105 108 86 89 93 105 96 106 101 114 102 98 102 98 94 107 107 110 83 93 93 100 102 109 100 111 103 95 107 103 93 100 108 108 86 92 90 103 99 108 
102 107 109 99 96 109 101 97 100 109 108 91 94 88 99 103 113 109 108 97 100 111 97 96 100 109 109 89 99 86 100 100 109 110 106 99 99 103 104 95 100 111 111 90 99 87 95 106 109 106 111 98 101 104 106 90 101 109 114 90 98 83 98 103 109 107 105 104 100 102 103 91 102 110 116 87 101 85 95 106 110 108 107 103 98 107 100 89 101 109 117 91 97 88 97 99 106 113 102 105 99 
103 105 102 92 99 110 118 94 101 91 91 102 109 115 105 101 103 105 100 97 100 104 115 99 101 86 94 102 108 110 104 108 99 106 96 96 103 108 113 99 100 91 86 107 112 111 103 109 96 104 100 99 98 109 112 103 96 87 92 108 107 108 103 108 102 100 99 97 99 111 115 101 96 89 88 111 106 108 105 110 101 98 105 97 97 111 111 105 89 91 94 110 99 111 101 114 97 105 98 101 94 
104 116 111 102 94 92 92 109 106 112 108 108 101 103 104 100 96 110 106 106 94 91 95 103 109 109 104 114 103 99 99 106 94 110 113 105 94 89 95 104 108 110 104 117 98 103 105 102 92 110 110 108 93 87 98 105 106 104 102 121 99 100 104 103 94 109 111 109 92 91 96 103 106 109 104 117 103 102 105 101 94 109 108 111 87 90 97 106 102 108 104 117 104 100 102 100 97 109 110 113 85 
105 96 97 101 108 112 104 115 105 98 108 105 96 103 111 111 90 95 94 104 105 111 109 114 101 97 109 102 101 100 111 110 95 97 91 99 108 115 111 113 99 101 111 98 100 101 111 110 92 101 90 100 105 112 112 111 101 100 103 105 99 100 113 112 95 101 91 95 109 113 108 116 99 103 104 107 93 102 112 114 94 100 87 98 106 114 109 110 105 102 102 104 94 103 112 117 91 104 88 96 107 
106 116 111 113 105 100 107 102 92 102 112 118 96 100 93 100 100 113 116 108 107 100 107 104 93 99 111 119 98 105 95 94 104 113 118 109 103 104 106 102 98 100 106 116 103 103 90 97 103 112 112 107 111 100 108 98 97 103 109 114 103 103 96 89 109 116 114 106 112 97 105 102 100 98 111 113 106 99 91 95 109 111 110 106 111 103 102 101 98 99 112 116 104 99 95 91 113 110 111 108 113 
107 103 101 107 100 99 113 112 108 94 98 97 111 104 116 106 116 100 109 100 104 96 116 112 105 98 100 94 112 108 116 112 109 103 106 106 102 98 111 107 109 97 99 97 104 111 113 108 115 105 102 101 108 96 111 114 108 97 98 97 106 111 114 108 118 100 106 106 104 94 112 110 112 96 94 100 107 108 107 106 123 101 103 105 106 96 110 111 113 94 99 99 106 109 112 108 119 105 105 105 104 
108 96 112 108 115 89 97 101 108 103 111 109 119 109 104 105 105 99 111 110 116 88 101 102 104 109 116 106 116 108 102 110 108 98 105 111 113 91 99 99 105 106 114 112 116 104 101 112 106 103 102 111 112 95 103 96 101 110 119 112 115 101 106 113 101 102 103 111 112 92 106 95 101 106 115 114 114 103 105 106 108 102 102 113 114 95 107 96 96 112 117 109 118 101 108 106 110 95 104 112 116 
109 97 105 94 99 109 118 111 114 109 108 106 109 97 106 114 119 95 110 96 97 111 119 112 115 108 105 110 106 95 105 114 119 99 103 98 100 102 117 117 112 110 105 110 108 97 102 113 120 101 108 101 94 106 116 119 111 106 108 110 106 101 103 108 117 106 106 95 97 105 116 113 111 114 104 112 102 101 106 111 115 105 106 102 90 111 119 115 108 114 101 110 106 103 101 113 114 108 102 96 96 
110 112 113 114 109 114 107 107 103 106 102 114 118 106 106 101 93 115 112 114 110 114 107 104 108 104 102 115 113 111 99 101 98 113 106 117 107 118 104 112 101 110 98 118 114 107 102 104 96 113 109 117 112 109 108 109 107 106 101 112 109 112 101 101 100 106 113 114 108 117 109 106 102 114 98 112 116 111 100 101 101 107 112 114 109 118 104 109 108 108 97 113 111 116 99 97 103 109 110 108 106 
111 126 106 108 107 113 98 114 113 117 97 104 106 107 111 114 110 121 110 110 108 109 99 115 109 120 92 101 107 110 107 114 110 121 111 107 107 110 100 115 112 120 90 105 110 105 111 118 108 118 111 105 112 112 100 109 112 118 93 103 106 106 110 118 113 118 106 104 114 110 104 106 113 117 97 107 104 101 113 121 114 117 103 110 115 104 104 107 113 117 94 110 102 101 111 119 115 116 105 108 108 
112 113 104 106 116 119 99 113 105 97 115 118 113 120 105 113 108 115 98 108 115 119 99 111 101 100 112 120 113 117 110 111 107 113 99 109 115 122 96 116 103 98 113 120 114 118 110 109 111 110 97 108 115 121 101 109 105 101 105 119 119 115 111 108 111 110 101 105 114 123 102 114 107 96 107 118 121 114 108 111 112 108 105 106 109 118 109 112 101 99 107 118 116 113 116 106 114 104 105 109 112 
113 117 110 112 106 94 114 121 118 110 118 104 112 109 107 104 114 115 114 108 101 99 116 115 117 112 117 109 109 105 109 104 116 119 111 108 103 97 118 114 117 112 117 111 106 110 107 104 117 114 116 101 104 102 116 109 120 110 120 107 114 103 113 99 121 115 112 104 106 100 116 110 121 114 112 112 111 109 108 103 115 110 117 103 104 104 109 115 118 111 119 112 108 104 116 100 115 117 116 101 104 
114 105 111 116 119 111 122 108 112 113 110 99 119 113 122 101 102 107 112 115 112 110 129 108 109 112 114 99 118 114 121 99 106 107 111 114 116 112 123 112 111 113 110 100 119 111 124 95 104 108 113 110 116 113 124 113 108 112 111 101 119 113 123 93 107 111 109 114 120 109 120 114 106 117 113 101 113 114 122 95 107 107 109 113 120 115 121 109 105 119 111 105 110 114 120 99 110 105 104 117 123 
115 117 119 107 111 121 106 106 112 114 122 96 116 103 105 116 121 120 119 108 110 110 114 105 109 117 122 101 116 105 100 121 119 116 121 107 114 113 116 99 110 118 123 100 115 101 103 116 122 118 119 112 112 108 114 100 111 117 125 98 119 103 100 119 122 117 119 112 110 115 112 98 110 118 125 102 113 105 103 110 121 124 117 113 109 110 113 102 107 116 125 105 115 109 96 115 119 125 115 110 112 
116 115 111 106 109 112 121 111 114 105 100 114 120 121 116 119 106 114 107 106 112 114 117 112 113 109 96 119 125 121 112 119 104 115 112 108 107 117 116 115 109 105 100 120 118 120 115 119 109 111 105 110 107 118 119 113 109 106 99 122 119 119 115 118 111 108 114 108 107 120 115 117 102 108 103 120 112 123 113 122 107 116 103 114 102 123 115 113 105 110 101 121 115 123 116 114 112 113 112 110 105 
117 121 111 119 104 109 105 114 118 123 114 123 112 110 104 118 103 120 118 117 103 108 106 116 117 122 114 123 108 113 114 112 102 121 114 122 102 106 107 115 117 116 114 131 108 110 109 116 102 120 115 121 101 109 107 115 116 119 116 124 112 112 114 112 103 121 112 124 96 107 109 116 112 120 117 124 115 109 109 113 103 121 115 123 95 109 112 113 116 123 113 120 115 107 118 114 104 115 116 122 95 
118 110 109 113 115 126 120 123 111 107 116 112 106 114 116 122 101 114 106 109 119 125 120 121 107 113 121 106 106 115 116 123 97 117 105 107 117 125 124 121 109 112 110 114 105 112 119 124 102 118 106 103 122 121 119 123 107 115 114 116 99 113 120 124 101 116 103 105 117 126 122 120 114 113 109 114 100 114 119 127 99 121 104 103 120 124 120 120 113 111 116 112 98 113 120 126 103 114 107 105 111 
119 125 129 119 115 109 112 114 102 110 118 128 108 117 111 99 116 123 128 117 112 112 117 112 106 112 114 123 114 115 106 101 115 123 126 117 121 106 116 108 106 114 116 120 115 115 110 97 120 127 123 114 121 104 117 113 108 110 119 118 118 110 106 101 121 121 123 118 121 109 113 106 110 109 120 122 116 111 107 100 123 121 121 117 120 111 110 115 108 109 123 116 121 103 109 104 121 115 126 116 124 
120 108 118 106 115 104 126 118 117 107 112 103 123 117 126 119 116 114 115 115 110 109 122 112 122 105 111 107 115 119 127 116 124 113 111 107 118 105 121 120 119 106 109 109 117 118 125 115 126 110 114 117 112 105 122 115 124 104 107 109 117 118 120 116 132 109 111 112 116 104 121 116 124 104 110 109 117 117 122 116 128 114 113 117 112 105 123 113 126 98 108 111 117 113 125 118 126 116 110 112 113 
121 106 122 119 127 98 111 114 116 117 129 114 125 118 109 122 114 107 117 119 126 97 111 112 115 116 130 121 125 113 108 120 112 109 115 119 125 102 115 109 111 120 130 120 126 110 114 125 106 109 117 119 126 98 118 108 109 118 129 124 124 111 113 114 114 108 113 122 127 103 119 109 105 123 126 119 128 110 115 117 118 102 115 123 127 102 117 106 107 118 130 122 123 116 113 111 117 103 114 123 129 
122 101 123 107 106 122 131 121 126 118 111 120 115 103 116 124 128 105 116 110 106 114 128 131 122 119 109 116 117 107 112 122 129 108 118 114 101 119 127 130 120 116 114 121 114 111 114 118 124 114 116 109 102 117 127 128 119 125 107 120 111 110 117 120 121 115 116 112 100 122 131 126 117 124 107 121 115 112 113 123 119 118 111 108 103 123 124 126 120 124 111 117 109 114 112 124 123 116 112 109 103 
123 126 123 126 120 123 114 113 119 112 113 130 117 121 105 111 107 125 118 130 118 127 110 120 110 118 107 132 119 117 109 113 106 126 118 130 122 119 115 117 118 113 112 127 114 122 107 112 108 119 121 130 119 127 115 113 110 122 108 126 121 120 108 110 111 121 119 129 118 129 111 116 119 116 108 125 118 125 105 109 110 120 121 123 119 134 112 113 114 120 108 124 119 125 105 112 110 121 119 126 119 
124 131 117 116 120 115 110 125 119 127 99 111 112 121 117 129 122 130 121 113 114 118 109 124 122 127 99 114 114 120 120 131 117 128 120 111 123 118 110 119 123 126 97 114 112 118 119 133 124 128 117 110 121 117 112 117 122 125 103 118 109 115 123 132 123 129 112 116 126 109 113 118 124 126 98 121 108 112 121 132 127 127 115 113 117 117 113 114 126 127 104 122 109 109 126 128 122 130 112 116 120 
125 120 108 117 128 127 103 119 108 110 121 134 126 128 121 114 116 121 109 116 127 130 103 124 109 109 124 132 123 129 121 112 123 117 106 117 128 129 106 117 112 109 116 131 134 124 124 110 119 120 110 113 126 129 111 119 116 104 121 128 131 124 119 115 124 116 114 115 122 125 115 117 111 104 120 130 130 122 128 110 123 114 113 118 124 121 117 118 114 102 125 132 127 121 127 108 124 117 114 115 127 
126 122 121 113 110 105 128 129 127 123 128 114 120 112 119 114 129 124 120 117 111 105 130 125 127 124 127 115 116 121 115 114 132 120 124 106 113 107 129 122 131 120 132 112 123 112 123 108 134 120 121 112 116 106 130 120 131 125 124 116 120 120 116 113 129 116 126 108 114 108 123 124 132 121 132 117 116 112 127 109 128 121 125 111 113 111 124 122 130 120 134 113 119 121 119 109 127 120 129 106 110 
127 112 123 126 126 122 139 117 117 117 126 109 127 120 129 108 117 112 124 123 127 123 136 120 120 122 119 110 126 121 130 101 113 114 123 120 131 124 134 124 116 116 123 110 125 124 131 101 118 116 122 122 133 119 132 123 116 125 121 111 120 124 129 100 116 114 119 122 136 125 132 120 113 124 121 114 118 124 127 107 122 110 117 126 134 124 133 116 120 129 111 115 119 125 128 102 123 109 114 124 134 
128 130 133 118 116 122 122 116 116 129 131 109 127 110 110 131 130 124 136 117 120 124 123 109 119 129 131 107 122 108 111 126 135 128 131 123 117 119 125 110 118 130 132 108 129 109 110 129 133 125 131 125 114 127 120 107 118 130 132 111 119 113 110 121 132 136 126 127 111 123 124 112 114 130 131 116 122 118 105 125 129 133 127 122 117 128 120 115 116 124 128 120 118 113 105 124 132 132 124 130 112 
129 130 118 119 119 129 124 122 122 116 104 131 134 130 124 131 114 131 120 120 116 129 125 124 114 112 107 132 130 130 125 132 119 127 115 123 115 132 127 123 118 113 107 132 128 130 126 131 121 123 123 119 116 133 123 125 109 115 109 132 124 133 123 136 117 129 116 125 111 136 124 122 115 118 108 132 122 134 128 127 123 127 122 118 117 130 119 127 111 116 110 126 126 134 124 135 122 122 117 128 112 
130 133 126 127 114 116 112 128 124 134 123 137 119 127 125 121 114 131 123 131 109 113 112 126 128 128 124 140 122 122 121 128 113 130 125 131 111 118 112 127 125 130 125 137 125 125 124 122 115 129 124 132 104 114 114 126 122 132 127 135 129 120 120 126 114 127 130 133 104 119 116 125 124 135 122 133 128 120 127 124 117 122 128 131 103 117 114 122 124 137 128 133 123 119 128 123 119 120 129 130 109 
131 126 111 122 129 137 127 134 120 126 132 114 123 121 129 131 104 127 110 119 126 136 131 133 120 123 126 122 123 117 132 133 109 131 111 114 134 133 125 136 119 126 127 125 115 121 133 132 107 125 110 115 128 137 129 131 125 123 124 125 117 119 133 134 108 132 110 113 134 136 126 131 127 119 131 121 114 120 134 133 111 122 114 114 124 134 137 126 129 117 127 125 119 115 133 133 116 125 119 108 130 
132 133 137 127 124 122 133 122 122 118 128 129 120 121 115 108 128 133 137 124 132 118 133 119 123 120 130 126 122 124 118 106 134 136 133 125 131 116 133 122 123 118 130 127 124 116 114 109 133 131 133 126 132 121 131 116 126 117 133 129 123 120 115 109 134 131 133 127 131 123 125 125 121 119 134 125 125 111 117 110 134 125 135 125 136 119 133 117 128 113 137 126 122 117 120 109 135 125 136 130 127 
133 124 131 124 120 120 132 121 128 116 119 111 130 127 136 127 136 123 128 118 130 114 133 126 128 118 119 113 132 127 135 127 137 119 130 127 121 117 131 124 132 112 117 113 130 129 129 127 141 122 126 123 128 115 130 125 132 114 122 113 131 128 131 129 137 125 127 127 122 118 129 125 133 107 117 116 130 123 133 130 136 129 123 123 126 116 127 130 134 107 122 118 129 127 136 126 133 128 122 130 124 
134 120 123 129 132 107 121 116 126 126 140 131 134 124 121 132 125 121 121 129 131 112 129 112 124 131 140 131 134 120 126 134 117 124 122 129 132 107 130 111 121 128 138 134 134 121 124 128 125 123 118 132 134 112 133 113 115 136 137 129 136 119 126 129 128 116 122 133 133 110 127 112 116 130 139 133 132 126 124 126 128 117 120 133 135 111 134 112 114 136 139 131 131 127 119 133 124 115 121 134 134 
135 114 124 118 115 127 136 143 127 130 119 130 128 122 116 133 134 118 128 122 109 133 136 138 129 125 122 135 124 126 119 129 131 122 124 117 110 131 135 139 126 133 119 135 121 126 121 130 127 124 127 120 107 137 139 134 127 132 116 135 124 126 120 131 128 126 120 116 111 136 133 134 129 133 122 133 118 129 118 133 129 125 124 117 110 137 134 134 129 132 123 127 127 123 122 135 126 127 115 118 112 
136 139 129 138 130 138 123 136 119 130 116 139 128 124 121 121 110 140 129 139 134 130 127 132 126 122 123 135 124 129 117 119 113 133 131 139 130 138 127 128 122 132 116 136 127 130 119 119 114 135 130 138 130 140 122 130 130 123 119 135 125 135 113 117 115 133 131 133 131 142 127 126 127 130 117 133 126 134 115 122 114 133 131 135 132 139 129 127 130 124 119 134 126 136 108 117 118 132 126 137 133 
137 139 134 123 128 128 117 132 133 136 110 124 119 131 131 141 129 137 132 122 132 127 121 127 133 134 108 123 118 128 127 143 135 138 128 121 135 127 122 124 133 133 113 131 113 126 133 143 134 139 124 126 135 119 125 125 134 134 108 131 114 123 129 140 139 138 125 124 131 126 125 121 136 136 113 134 115 116 139 139 133 141 123 126 130 129 118 125 137 136 111 128 115 117 132 140 138 137 129 125 129 
138 130 121 125 136 139 113 137 116 116 140 142 135 137 130 121 135 126 119 126 138 137 116 126 121 116 129 138 147 132 132 121 133 131 123 121 136 137 121 131 125 111 136 138 141 135 127 124 136 126 127 124 132 133 124 126 119 112 133 137 143 131 135 121 138 124 127 125 134 130 127 130 122 110 140 141 137 132 134 119 136 126 127 124 135 130 128 122 118 113 138 135 138 133 135 125 135 122 130 121 138 
139 133 129 128 119 112 142 136 138 134 135 126 127 131 124 127 140 130 130 118 120 113 140 131 141 133 139 123 137 127 131 119 142 131 128 125 123 111 142 132 142 137 131 127 132 130 123 126 138 126 132 120 122 114 134 133 141 134 138 128 129 130 133 119 139 129 134 121 124 115 137 133 140 134 140 123 130 134 124 122 138 127 138 115 121 116 134 133 135 135 142 128 126 136 131 120 135 129 138 117 127 
140 115 139 134 137 135 141 132 129 134 126 122 137 129 139 111 121 119 136 128 139 136 140 136 125 136 130 121 134 134 140 112 127 120 136 134 142 131 138 135 124 136 128 125 129 134 137 110 125 119 132 129 144 137 139 130 123 143 128 126 127 134 137 115 134 114 131 136 144 136 140 127 127 140 120 128 128 135 136 111 133 115 127 130 141 142 139 127 125 140 127 129 124 137 138 117 136 117 121 141 140 
141 137 144 127 129 137 130 125 128 138 137 115 129 118 121 133 141 142 140 131 128 138 130 127 126 138 140 116 137 117 119 142 142 138 140 132 124 141 126 123 128 140 138 118 127 122 119 130 138 149 136 133 123 141 131 126 125 138 138 123 132 126 114 138 138 143 139 129 126 142 127 129 128 134 134 126 127 120 115 134 137 145 135 135 124 145 125 129 130 136 130 129 132 123 112 143 141 138 137 135 122 
142 143 127 129 128 136 132 130 124 119 115 141 135 140 138 136 128 139 128 133 126 139 133 131 129 121 115 145 136 139 138 137 130 133 133 126 129 141 130 131 119 121 115 142 131 142 137 139 127 141 129 134 122 143 131 130 126 125 114 144 133 142 141 133 131 139 132 124 129 139 126 133 121 122 117 135 134 141 138 139 131 134 132 135 123 140 129 136 122 125 119 139 134 140 138 141 128 137 136 125 125 
143 140 128 139 116 121 119 136 135 138 139 143 131 131 138 134 127 137 130 139 119 128 117 140 135 139 138 142 136 134 135 128 128 138 130 139 112 121 120 137 130 141 140 141 138 128 137 133 127 135 135 140 113 127 123 137 135 144 134 139 139 129 137 130 131 130 135 137 111 125 120 133 131 145 142 140 132 126 144 131 132 128 135 137 116 134 116 133 137 145 139 142 131 131 142 122 134 129 136 136 112 
144 133 116 128 132 142 146 141 129 129 143 130 136 127 141 138 118 136 119 123 142 142 139 144 130 131 139 131 128 132 140 137 116 129 118 122 135 141 146 140 132 130 140 133 130 130 142 140 117 137 118 121 143 143 141 140 135 126 143 127 126 132 142 138 119 127 122 120 132 138 153 136 134 125 143 134 129 129 141 139 124 132 127 116 139 139 146 139 132 128 144 128 132 132 136 134 127 127 120 116 135 
145 139 150 135 136 126 148 129 134 135 139 131 131 134 124 114 144 142 142 137 136 126 144 129 134 132 138 133 130 126 119 115 142 137 144 138 136 129 141 131 137 132 142 134 132 131 121 115 146 137 142 138 137 132 134 135 129 135 142 132 131 121 121 115 143 133 146 137 139 128 143 131 138 127 146 134 131 128 125 114 145 134 145 141 133 133 140 133 128 132 142 128 134 123 122 117 136 136 145 138 139 
146 133 137 134 138 128 144 133 138 126 127 121 141 136 144 139 141 131 139 137 128 129 142 129 142 119 123 122 137 136 139 141 143 133 134 139 137 129 140 133 141 123 129 120 141 136 141 140 142 138 135 136 131 129 140 131 142 114 124 123 137 131 143 142 141 140 130 139 136 129 138 138 142 116 129 126 137 136 147 136 139 141 130 138 133 132 132 136 140 113 128 123 133 132 147 144 140 133 129 146 133 
147 136 132 138 139 121 137 119 133 138 149 141 143 135 135 144 125 137 131 137 139 116 136 118 129 133 144 149 142 131 133 144 133 139 129 141 140 122 140 121 124 143 144 142 145 134 133 141 134 130 132 140 140 118 134 119 124 136 143 149 140 135 133 141 137 132 132 143 142 120 141 120 123 144 145 144 140 140 128 144 130 129 132 142 141 121 131 124 122 133 140 156 136 137 127 145 137 132 131 142 141 
148 128 140 129 119 140 142 148 140 138 131 148 131 136 133 137 136 131 135 123 119 137 141 151 136 141 128 151 131 135 137 141 132 135 139 127 117 145 145 143 138 141 130 147 131 137 132 140 134 134 131 123 118 144 139 145 139 141 129 145 133 139 133 145 134 137 136 124 118 147 140 143 139 142 134 139 137 132 135 144 132 136 126 125 118 145 135 147 138 144 128 147 133 140 128 149 134 136 132 129 117 
149 146 137 147 144 139 136 146 137 133 133 144 129 138 129 130 120 139 138 146 141 143 135 142 137 143 129 147 133 141 130 133 122 142 137 146 141 144 136 144 141 133 130 143 131 143 125 128 123 139 137 140 143 146 135 140 142 142 129 143 134 143 128 135 121 142 137 143 141 146 141 142 140 135 131 141 132 144 119 130 124 139 132 144 143 145 142 136 142 139 131 141 139 143 121 136 126 139 137 149 137 
150 143 145 137 143 135 137 134 139 141 119 135 125 139 134 149 146 145 135 135 150 135 138 134 141 139 124 143 121 138 139 151 143 146 136 140 148 126 141 133 140 140 119 144 120 134 135 146 151 146 132 136 148 134 141 131 144 140 124 146 124 129 143 146 145 147 136 137 145 136 134 134 142 142 120 142 122 129 138 145 151 143 137 136 145 138 134 134 145 143 122 146 124 128 144 147 145 144 142 132 148 
151 133 133 134 147 144 124 140 128 128 135 142 157 143 140 131 146 139 134 134 148 144 130 140 133 124 141 144 150 146 139 134 151 134 139 133 142 139 132 138 128 124 139 142 152 143 142 131 151 133 137 138 147 135 136 140 131 122 146 147 145 144 142 133 150 134 140 132 145 137 135 133 129 122 147 140 146 145 143 132 145 134 142 134 151 137 138 137 128 122 149 142 145 144 144 137 142 139 136 135 149 
152 135 139 130 133 123 150 136 149 145 147 130 147 139 143 129 155 137 139 134 135 124 149 139 148 146 142 137 147 142 135 133 149 132 141 132 134 125 144 139 148 146 144 137 139 142 144 129 153 135 145 131 135 127 145 139 148 143 147 137 145 146 135 130 148 134 145 128 133 127 144 138 143 148 147 137 137 147 143 129 149 136 146 130 137 126 145 139 145 143 149 142 143 145 137 131 145 136 146 121 136 
153 128 144 134 146 148 149 143 135 147 142 131 146 142 146 123 137 129 145 140 150 141 146 146 140 145 139 137 138 141 143 121 138 128 142 136 150 148 149 137 134 151 141 138 137 144 142 126 144 123 141 141 152 146 149 137 143 148 132 141 136 143 141 122 146 124 137 137 147 153 150 134 135 149 140 141 134 147 142 127 146 126 133 145 147 148 150 137 140 145 141 135 137 145 143 123 144 126 132 140 146 
154 153 147 141 135 147 144 135 136 149 145 127 148 127 133 147 151 148 149 145 134 149 141 136 137 148 144 129 142 132 132 138 146 158 145 143 132 147 145 135 135 148 144 134 142 135 128 145 147 152 149 142 135 151 141 143 136 142 140 137 140 131 128 143 146 153 145 145 132 152 138 139 139 147 135 140 142 133 126 150 150 147 146 146 134 150 139 146 135 145 138 139 135 133 125 152 144 147 147 146 133 
155 147 140 145 134 152 138 140 140 133 126 153 146 147 147 150 140 143 145 143 137 150 135 141 131 138 125 153 139 151 146 151 133 148 142 146 129 155 138 140 136 138 125 152 143 150 147 148 140 149 144 142 134 150 132 143 133 139 126 148 142 150 147 147 138 143 145 147 129 153 136 146 132 139 128 148 143 150 144 153 138 149 148 141 132 149 134 147 129 138 128 148 140 146 149 150 138 141 150 145 130 
156 150 137 147 133 141 127 148 143 150 145 156 144 148 149 143 133 148 136 148 124 140 130 147 137 150 149 152 145 139 150 143 133 147 143 147 126 141 130 147 144 153 143 152 148 144 149 144 139 140 141 145 124 140 131 145 139 153 150 152 139 138 154 142 140 138 145 143 129 147 125 143 145 155 148 154 140 147 152 137 143 138 143 142 126 148 127 140 140 150 155 152 136 140 152 141 143 135 148 143 130 
157 149 129 135 148 151 152 154 140 144 150 147 138 140 146 144 129 147 130 135 142 151 156 149 141 139 151 142 137 138 150 146 130 150 129 134 148 153 152 150 147 138 153 142 139 139 149 144 133 144 135 133 139 148 161 147 143 136 150 147 134 137 149 145 137 144 137 129 146 149 156 150 144 139 154 143 145 139 143 140 141 142 134 129 144 147 157 147 145 136 154 141 137 142 148 136 143 144 135 127 151 
158 151 152 148 148 138 152 143 148 138 147 139 143 137 136 128 153 144 152 151 146 136 149 143 142 137 154 139 144 142 133 127 155 146 150 149 151 141 145 148 144 140 152 135 146 133 138 127 155 139 153 149 152 134 150 145 143 132 157 139 144 138 138 125 155 143 153 149 149 141 151 146 144 137 152 132 147 136 139 127 151 142 152 150 148 139 145 147 145 131 156 137 148 136 139 128 151 143 153 146 154 
159 140 150 151 143 135 152 134 150 133 139 130 151 141 148 152 151 140 142 152 144 133 152 139 148 136 142 129 149 144 150 148 156 145 148 149 146 135 149 137 150 127 140 132 149 139 150 151 153 146 139 151 142 135 148 146 148 129 142 131 149 145 153 145 153 149 144 149 147 140 142 142 146 128 140 132 148 141 153 151 154 140 138 155 141 140 141 146 146 132 148 126 145 146 155 149 156 141 147 152 140 
160 144 141 144 144 129 150 128 143 142 151 156 156 138 142 154 143 144 138 150 147 132 151 131 137 148 152 152 158 141 145 152 149 141 141 147 146 129 147 132 138 143 152 156 153 143 140 152 146 139 139 151 151 130 151 132 136 148 154 152 154 148 139 154 145 142 140 150 146 133 144 137 136 139 150 161 151 144 138 151 151 136 138 150 149 138 145 140 131 146 150 156 154 144 141 155 146 148 140 144 142 
161 141 143 137 132 145 149 158 151 146 139 155 145 139 143 150 140 144 146 139 129 153 152 152 151 148 141 153 145 151 139 148 140 143 138 139 129 153 147 152 154 146 139 151 146 144 138 155 142 144 144 137 129 155 148 150 152 151 142 148 150 146 142 152 137 146 134 141 128 155 142 153 152 152 136 153 148 144 134 157 143 144 140 142 127 155 145 153 152 149 142 154 148 146 139 152 134 147 137 142 128 
162 151 144 155 154 150 141 148 149 148 134 158 142 149 139 144 130 151 144 155 151 156 140 153 152 146 136 154 135 151 135 141 130 151 142 151 156 153 141 145 154 147 135 154 142 150 136 148 130 149 145 152 152 158 145 151 150 149 136 151 138 151 128 143 132 149 140 153 155 155 147 142 152 146 136 151 149 150 129 148 132 149 146 155 148 156 149 147 150 150 141 144 143 147 128 144 132 148 142 155 155 
163 157 142 141 156 145 143 145 149 148 133 155 128 146 147 158 154 160 142 150 154 143 145 144 145 145 130 154 129 144 144 152 161 158 139 143 154 144 146 142 152 148 133 156 133 138 149 154 157 160 142 146 153 149 142 144 148 147 129 152 133 139 145 153 161 155 144 141 152 147 140 144 153 152 130 155 135 138 149 156 157 154 151 140 155 145 142 144 151 147 133 148 139 137 141 151 166 152 146 139 151 
164 152 139 147 154 151 138 150 145 133 149 152 161 156 147 144 156 146 150 148 146 143 142 147 140 135 145 151 163 153 149 141 155 146 142 151 154 142 144 150 143 130 155 154 157 153 151 143 154 145 153 146 150 141 144 142 142 132 153 149 157 155 150 141 151 147 147 145 158 146 144 148 141 130 157 150 155 154 154 144 148 151 148 145 157 139 147 138 144 131 155 143 159 153 156 138 153 148 148 138 163 
165 146 145 144 148 130 157 147 156 157 152 144 154 149 150 142 157 136 148 141 147 132 152 145 157 156 152 143 148 149 152 137 162 144 149 142 149 133 153 146 157 154 157 142 153 153 149 140 157 136 153 138 146 134 152 143 153 158 155 143 145 154 150 139 157 145 150 139 152 133 152 146 155 154 159 147 152 151 152 140 154 139 153 131 147 135 152 141 154 157 156 150 143 152 149 140 154 152 150 131 153 
166 134 153 149 157 152 157 151 148 151 153 145 150 145 149 131 151 135 152 145 156 157 159 144 142 156 147 146 150 153 148 134 158 130 149 149 159 155 162 143 151 154 146 147 150 147 145 133 157 134 147 146 153 161 160 141 144 154 146 148 148 156 148 134 157 137 141 151 155 158 162 143 147 153 151 145 150 150 147 132 155 137 143 147 153 162 157 146 142 152 148 143 150 157 152 131 156 138 142 151 156 
167 161 156 151 143 155 147 145 151 154 147 136 152 144 141 143 152 167 154 147 142 152 153 141 151 155 151 139 151 148 137 150 152 163 158 147 145 156 147 152 149 150 143 143 149 145 137 147 152 163 154 149 142 156 147 144 153 157 142 145 150 147 134 156 154 159 155 151 144 154 145 156 147 154 141 145 144 147 134 155 150 157 156 150 142 152 148 149 147 161 146 145 148 145 134 158 150 157 156 154 145 
168 149 152 152 147 162 139 148 141 149 134 157 144 160 154 156 139 154 149 151 140 167 146 147 145 151 132 158 148 156 160 152 145 155 150 152 144 162 136 149 144 150 134 153 146 158 157 152 144 149 150 153 140 165 145 151 143 152 134 155 147 157 157 157 143 154 154 150 143 160 138 154 141 149 136 153 144 154 159 155 144 146 155 151 142 159 147 152 140 154 135 153 148 155 157 159 148 153 152 153 143 
169 157 141 154 133 150 138 153 143 155 160 156 151 143 154 150 143 156 154 152 132 154 137 154 150 158 157 157 152 149 152 153 146 153 146 150 132 152 137 152 146 157 157 161 145 142 158 147 147 152 154 150 135 159 133 150 150 159 159 164 144 152 155 146 148 153 148 146 134 158 136 147 147 154 161 162 142 144 156 146 149 150 157 150 135 158 140 142 152 155 162 164 144 148 154 151 146 153 151 148 133 
170 155 140 144 149 154 162 159 147 142 154 148 145 153 159 154 132 156 142 144 152 157 163 158 151 144 157 147 147 152 156 147 136 153 146 142 144 153 167 156 147 142 152 153 143 152 157 152 139 152 150 138 151 153 165 160 147 145 158 148 154 150 152 143 143 150 147 138 148 153 163 156 149 142 156 147 146 154 159 142 146 151 148 136 157 155 160 158 151 144 156 146 157 149 156 141 145 145 148 136 156 
171 151 159 159 151 144 152 149 150 149 164 150 146 149 146 136 159 151 160 161 154 146 150 152 153 148 164 143 148 141 150 136 157 145 161 158 157 141 154 150 151 142 169 150 147 145 151 134 158 149 158 166 152 146 155 151 153 145 163 141 149 144 150 137 153 147 159 161 153 145 150 151 153 142 166 150 151 143 152 136 155 148 159 163 157 144 154 155 151 144 161 143 154 141 149 139 153 145 155 163 155 
172 146 149 157 153 143 161 152 152 140 155 138 154 150 157 163 159 148 156 155 156 144 159 147 154 133 150 140 154 144 156 162 156 152 147 156 152 144 158 158 153 132 155 139 155 152 159 160 157 152 152 155 156 147 155 152 150 132 152 139 153 147 158 159 161 146 146 160 149 148 154 158 151 135 160 135 151 152 160 161 165 144 154 159 148 150 155 153 147 134 158 138 147 149 155 163 162 143 148 158 148 
173 150 154 160 153 135 158 142 144 155 157 165 167 144 151 160 153 148 156 156 150 135 155 141 145 150 157 166 160 148 146 156 151 145 155 162 156 133 156 144 145 153 160 166 161 151 147 161 150 148 155 159 150 137 154 147 143 145 156 170 157 149 146 154 156 143 154 159 155 140 152 152 139 152 155 168 163 148 148 161 152 155 151 156 147 144 151 148 139 149 155 166 158 151 146 158 150 146 154 163 145 
174 148 151 149 138 158 157 164 162 152 148 158 151 158 150 160 145 146 146 149 138 157 153 160 160 153 147 153 152 150 149 166 150 148 149 147 138 160 153 162 162 156 149 152 156 154 149 166 144 149 142 150 137 159 147 162 159 159 143 156 152 152 142 171 150 149 145 152 135 160 151 160 167 154 148 158 155 154 146 165 142 150 145 150 138 155 149 160 162 155 146 153 153 154 142 168 150 153 143 153 137 
175 159 150 160 165 160 146 159 158 153 145 163 145 155 143 151 142 157 148 156 164 157 148 152 158 153 143 163 153 154 140 155 140 157 151 158 165 162 150 159 156 156 144 161 148 155 135 152 143 157 146 158 163 158 153 151 157 152 144 160 159 154 133 155 141 158 152 160 162 161 153 155 157 156 147 157 153 151 134 154 142 156 148 160 161 163 147 150 161 149 148 156 159 152 136 160 137 153 153 161 163 
176 169 145 156 162 148 150 157 154 148 137 160 142 149 151 160 166 165 144 152 159 148 150 154 161 153 137 158 145 145 156 158 166 169 145 152 161 153 148 156 156 151 137 157 144 147 152 160 167 162 149 148 158 151 145 155 162 157 135 156 146 147 154 161 167 162 153 148 162 150 148 155 159 151 138 157 150 145 147 158 171 159 151 148 156 156 143 154 159 156 142 152 153 142 153 156 169 164 150 149 162 
177 153 155 152 157 148 145 154 149 144 153 158 167 161 153 148 161 151 146 154 164 146 149 151 149 143 161 158 165 162 154 148 160 152 158 151 161 146 147 149 149 143 161 156 161 162 155 148 156 153 150 149 167 151 149 149 147 143 163 154 162 163 158 149 154 157 154 150 167 145 150 145 150 142 162 151 163 161 160 145 159 153 152 142 172 151 149 146 152 140 163 152 160 168 155 149 160 156 154 147 166 
178 143 151 151 151 142 159 154 162 165 156 147 157 154 154 145 169 152 154 146 153 141 161 151 161 166 161 146 160 159 153 148 164 145 156 146 152 144 159 151 159 167 158 148 153 158 154 146 164 154 155 143 155 142 159 152 159 166 163 150 160 156 157 146 163 148 156 138 153 145 159 149 161 166 159 153 152 157 153 147 161 160 155 136 155 143 160 153 161 163 162 153 156 157 157 149 159 153 152 137 155 
179 145 158 151 163 166 164 148 152 161 151 151 157 160 153 140 161 140 155 155 162 166 170 146 157 163 150 152 159 154 149 140 162 144 151 152 162 170 165 145 153 160 150 152 156 162 154 140 159 147 147 157 158 169 171 146 153 162 155 150 158 156 152 140 159 146 148 154 161 170 164 150 149 159 153 147 157 163 158 138 157 148 148 156 161 169 164 155 149 163 152 150 157 159 152 141 158 153 145 150 159 
180 173 162 152 149 158 158 145 156 162 158 146 153 154 144 157 156 171 166 152 150 164 154 156 155 158 150 148 156 151 145 153 159 169 163 154 149 161 153 148 156 166 148 152 153 150 144 162 159 166 164 155 150 161 153 159 154 162 147 151 150 152 144 161 157 163 164 155 150 156 155 152 151 169 151 154 150 149 144 164 155 163 165 159 150 156 158 155 153 168 145 154 147 153 143 162 152 164 164 160 146 
181 160 156 154 144 174 151 153 148 153 142 163 156 161 170 156 150 162 158 157 150 167 143 153 152 152 144 159 155 162 168 156 148 158 156 156 145 170 152 156 147 154 143 161 155 161 168 161 147 162 160 156 149 166 145 157 148 153 146 159 152 159 170 158 149 154 160 155 147 165 154 156 145 156 144 159 156 159 168 163 151 162 157 160 147 164 149 157 140 154 147 159 150 161 169 159 154 153 159 154 148 
182 163 160 157 140 158 145 161 157 161 166 162 154 159 159 163 150 161 154 153 141 157 148 160 152 163 168 164 148 152 164 153 152 159 160 155 143 162 142 156 158 162 166 171 146 159 165 155 152 162 155 150 143 163 146 154 153 162 171 166 145 153 163 152 153 157 163 156 143 160 148 149 160 158 169 172 146 154 165 159 151 160 158 153 143 160 147 152 155 161 171 165 150 149 162 154 149 158 164 160 141 
183 159 150 151 159 161 169 165 156 150 166 157 151 159 161 153 145 159 155 150 151 159 174 164 155 149 160 160 146 156 163 159 149 155 156 146 157 158 171 167 153 151 166 159 157 155 159 150 151 156 154 148 154 160 169 166 157 149 163 155 149 156 167 149 155 153 154 145 163 161 166 165 156 151 163 157 161 154 163 147 153 151 155 147 162 158 163 167 158 150 158 157 153 151 170 151 156 152 153 145 165 
184 157 163 167 160 151 158 162 157 154 169 145 156 150 158 145 164 153 164 168 164 146 161 158 157 144 175 151 155 151 159 143 164 156 161 172 157 151 163 160 159 151 168 143 155 155 157 146 161 155 162 171 159 149 159 158 159 145 171 152 158 150 159 145 162 155 161 170 162 148 163 161 159 150 167 145 159 151 157 149 161 152 159 173 160 151 155 162 158 147 166 154 158 148 161 146 160 156 159 170 163 
185 153 163 158 164 149 165 149 158 144 158 151 161 152 161 173 161 157 154 162 159 149 163 160 157 143 160 149 161 158 161 167 158 156 159 160 164 152 161 154 153 144 158 152 160 154 163 170 166 152 152 167 155 154 159 160 155 146 164 146 156 159 162 167 167 148 159 166 156 154 162 155 150 146 164 150 154 155 162 173 168 149 153 166 154 155 157 163 156 146 162 151 150 161 158 170 168 148 154 166 160 
186 153 160 158 154 147 161 150 153 159 161 173 167 155 151 165 156 153 160 164 161 147 160 152 151 162 161 170 161 158 152 167 158 154 159 161 153 149 160 157 150 155 159 174 167 157 151 162 162 150 158 163 159 155 156 158 146 160 158 171 164 155 153 167 159 160 156 159 150 155 156 157 148 158 160 169 168 160 151 165 156 154 158 167 149 160 154 157 145 166 161 166 162 158 153 164 157 163 156 163 147 
187 157 153 160 148 167 158 163 169 161 152 161 158 157 156 170 151 161 155 157 147 168 157 163 163 162 154 160 162 159 156 169 145 159 151 160 147 168 154 164 169 166 148 164 158 160 149 175 151 160 153 161 145 166 157 161 172 155 154 165 160 161 153 168 143 158 156 159 148 165 156 162 172 161 151 162 158 162 150 171 152 163 152 161 147 163 157 161 170 160 151 165 161 161 152 167 145 162 152 159 151 
188 163 156 160 174 162 153 157 163 161 153 167 154 163 150 164 149 161 159 162 170 161 155 165 159 165 152 165 150 160 146 160 153 162 155 162 173 162 158 156 163 160 154 164 160 160 146 163 151 161 161 164 167 159 157 162 161 165 155 161 155 155 146 160 154 160 158 164 170 167 152 155 168 156 159 160 160 158 149 167 148 156 162 165 167 168 148 163 167 157 157 162 156 152 148 165 153 154 158 164 173 
189 168 151 156 167 157 159 160 163 160 149 166 155 152 163 162 170 168 150 159 167 163 156 160 160 154 149 163 154 154 160 163 173 167 156 152 165 158 157 161 164 163 148 164 156 153 162 164 171 161 159 155 167 160 157 159 162 154 150 162 161 152 156 161 174 167 158 152 162 164 153 160 163 161 155 159 163 148 161 161 172 164 156 156 167 161 162 157 160 151 156 158 161 150 159 162 169 168 161 152 165 
190 159 157 161 167 151 160 158 164 148 167 164 168 167 160 155 165 159 165 159 165 148 157 154 163 150 167 160 164 169 163 152 161 160 160 158 170 152 162 157 161 150 169 160 165 168 163 155 161 164 161 158 171 146 159 152 162 150 168 156 165 169 167 149 164 160 162 152 175 151 162 155 164 149 167 160 163 173 160 155 166 162 162 156 170 144 158 157 160 152 165 158 163 172 162 152 162 160 164 153 171 
191 153 165 155 166 152 165 159 165 170 168 152 167 162 163 156 170 147 162 153 162 155 164 157 160 174 165 154 157 164 163 156 167 155 165 153 168 153 163 160 163 170 169 156 167 160 167 154 168 151 160 147 163 156 163 156 162 173 165 159 156 164 162 157 164 161 162 149 167 155 163 162 164 168 166 159 164 162 167 156 165 155 156 147 163 157 161 159 164 170 169 154 155 168 159 161 161 160 161 152 169 
192 154 159 164 165 168 174 151 165 168 161 158 166 157 153 148 167 158 157 160 164 173 169 153 156 167 160 160 161 164 161 150 169 160 153 165 162 171 174 152 160 168 164 158 163 161 155 149 164 158 156 162 163 173 168 158 152 165 161 158 162 165 164 149 167 161 154 164 164 172 167 161 156 168 161 159 162 163 155 150 163 164 154 159 161 174 168 160 152 162 167 154 161 164 162 155 162 167 150 164 161 
193 173 170 158 157 169 163 164 160 162 153 158 159 165 153 163 162 169 169 163 152 167 162 157 163 168 152 161 160 167 152 169 164 169 168 161 155 168 161 166 160 167 149 159 156 166 152 170 160 164 169 165 152 163 163 160 160 171 153 163 158 165 154 171 160 166 168 165 155 164 166 162 159 173 147 161 153 166 152 171 156 165 169 169 149 166 162 163 154 176 152 163 156 167 153 170 160 164 173 162 155 
194 168 165 164 158 172 145 160 159 163 155 169 158 163 172 165 153 163 163 165 156 172 154 166 155 167 155 168 159 165 170 169 152 168 164 165 157 172 147 164 155 162 157 169 157 160 174 166 155 158 166 165 157 169 156 165 154 168 156 166 161 163 170 170 156 167 163 169 155 168 153 161 150 163 158 167 157 162 173 166 160 156 167 164 158 165 163 162 150 167 157 167 163 164 168 167 159 164 165 169 157 
195 165 157 158 150 163 160 165 160 166 170 171 156 155 171 161 162 163 164 161 154 169 157 162 164 167 168 175 152 165 170 162 160 166 158 155 151 167 161 159 160 166 173 169 157 156 170 160 161 162 167 162 152 169 163 156 165 164 171 174 154 160 170 165 160 163 162 157 152 164 161 158 162 164 174 168 162 152 167 162 159 163 167 166 151 167 164 157 164 165 173 167 163 156 169 163 160 163 164 157 153 
196 163 168 156 160 162 175 168 164 153 164 169 156 162 167 164 158 162 171 153 164 162 174 170 160 158 169 166 166 161 162 155 159 160 167 154 163 164 170 169 166 154 167 163 159 163 170 155 163 160 169 153 169 165 170 168 163 156 168 164 167 162 167 151 160 157 167 154 170 162 165 169 168 154 163 164 161 161 173 156 164 159 167 155 171 161 167 168 167 156 164 168 164 161 173 148 163 154 167 154 171 
197 159 166 169 173 152 166 163 164 157 178 157 166 158 168 155 170 162 165 173 165 157 168 166 166 161 172 148 163 160 164 156 169 160 165 172 168 155 163 164 166 158 173 159 169 157 168 156 168 160 167 170 171 154 168 165 167 160 172 150 167 156 163 158 169 159 162 174 169 157 158 167 166 159 170 161 168 156 168 158 166 162 165 170 172 158 167 164 171 158 168 156 163 152 163 160 167 159 164 173 169 
198 161 157 170 165 161 167 169 164 154 168 159 169 165 166 169 169 160 166 168 170 162 166 161 158 153 163 161 166 163 166 171 172 157 156 173 162 166 164 168 162 158 170 158 164 166 167 169 176 153 166 173 164 163 168 162 155 154 167 162 159 164 166 174 170 157 158 172 161 164 164 170 164 156 170 164 157 167 165 172 175 154 162 173 167 163 165 165 158 155 164 162 158 165 165 175 169 162 154 169 163 
199 162 165 169 169 156 168 165 158 168 166 174 169 163 158 173 165 163 165 166 159 156 164 169 156 164 163 177 169 165 154 167 170 158 164 168 167 160 165 171 154 168 163 175 171 161 159 173 166 168 163 163 157 161 161 168 154 167 165 171 171 167 155 169 165 161 165 171 158 165 163 169 153 174 166 171 168 165 157 171 165 169 164 168 153 162 158 168 154 174 163 166 170 170 155 165 166 163 163 174 159 
200 167 162 169 155 176 163 168 168 169 158 167 169 167 163 173 151 166 155 169 154 174 161 166 172 174 153 167 166 165 158 181 159 167 160 170 155 174 164 165 174 166 158 170 168 167 163 172 149 165 160 165 157 172 162 165 175 169 156 164 167 166 160 176 160 171 159 170 156 171 163 167 171 172 155 170 167 167 163 172 151 169 156 164 159 171 162 162 177 170 158 159 170 166 161 173 162 170 158 170 158 
201 169 167 165 171 174 159 168 168 171 160 170 157 165 152 165 162 169 164 160 176 171 163 157 173 165 162 170 169 166 155 170 160 170 168 167 169 171 161 166 170 170 163 167 161 159 154 164 164 167 166 163 173 174 158 157 176 162 167 166 169 164 159 170 161 165 169 168 169 178 153 167 174 165 164 168 163 156 155 167 166 160 167 163 175 173 158 159 174 162 165 166 171 166 157 170 166 158 170 167 172 
202 177 154 163 174 168 164 165 166 159 157 164 165 160 168 165 176 172 163 155 171 165 163 167 170 170 158 168 167 159 170 170 174 170 163 159 173 166 164 165 167 160 157 164 171 158 165 163 177 171 166 155 167 172 159 165 170 168 162 165 173 155 170 167 175 171 162 160 173 167 169 163 164 158 162 161 170 156 168 168 168 172 169 156 169 167 162 165 174 159 167 163 171 154 175 169 173 168 166 158 171 
203 166 170 166 169 154 164 158 171 156 175 166 165 171 172 157 166 169 165 163 177 161 168 162 170 157 179 165 171 168 170 159 163 170 167 165 174 152 167 155 170 157 175 163 165 172 175 155 168 169 166 158 182 161 168 160 171 157 177 166 168 174 167 159 166 169 167 164 174 150 166 160 166 160 173 164 164 175 170 158 165 169 168 160 177 162 172 159 171 158 174 165 169 172 173 156 166 168 167 164 174 
204 151 170 158 165 162 173 164 162 177 171 161 160 172 168 161 175 163 171 160 171 161 173 167 168 172 174 161 164 168 171 161 172 157 166 154 165 163 172 164 164 176 171 165 158 174 167 162 171 170 167 157 170 162 173 169 170 170 171 163 162 170 170 163 170 161 160 156 164 165 170 166 167 173 174 160 158 176 165 167 167 170 165 161 170 162 169 170 171 170 178 155 167 170 165 164 171 163 157 157 167 
205 167 163 167 167 175 175 161 159 175 165 166 167 172 167 160 171 168 162 171 170 173 178 156 163 170 168 164 168 166 159 160 164 166 162 168 166 177 174 164 157 172 167 164 168 170 171 161 169 169 163 170 171 175 171 164 160 169 166 164 168 167 160 160 164 172 159 166 164 178 173 167 157 168 174 160 166 170 169 164 167 175 158 171 168 176 172 162 162 169 167 169 166 164 158 164 162 171 157 169 169 
206 171 175 170 158 171 171 170 166 175 160 169 166 172 158 176 170 176 170 167 160 168 168 172 167 170 154 166 159 171 156 176 168 168 174 173 158 167 172 172 164 178 161 169 165 170 159 180 166 173 170 171 160 164 172 169 166 175 152 167 158 170 157 176 165 168 174 177 156 169 172 172 160 183 161 168 164 171 159 178 167 170 175 169 160 167 171 167 167 175 150 166 163 166 160 174 165 168 177 172 159 
207 168 172 174 164 178 162 172 162 172 161 176 167 171 173 175 158 168 169 169 169 175 151 170 160 165 163 174 166 165 178 174 162 163 173 175 165 176 163 171 162 172 163 174 169 169 173 176 162 166 169 173 165 173 157 166 156 165 164 173 166 167 177 174 166 160 176 174 166 172 170 167 159 171 164 173 172 170 172 173 164 164 171 171 167 172 161 160 158 164 166 170 169 169 175 176 162 160 178 171 172 
208 168 170 165 163 171 164 169 175 171 171 180 157 169 171 166 168 173 163 157 159 167 168 163 173 169 176 177 162 161 177 170 171 168 172 167 161 171 169 162 176 170 174 179 158 165 171 169 168 170 166 159 161 164 167 162 174 167 179 176 164 160 174 172 169 169 170 171 161 170 170 163 174 172 176 172 165 162 171 167 168 170 167 160 161 164 173 159 171 166 180 175 167 159 171 175 169 167 170 169 164 
209 168 176 158 175 172 177 173 163 165 170 171 173 168 165 159 165 162 172 157 172 173 172 177 170 161 172 172 171 167 175 161 169 166 173 158 179 173 177 170 167 163 168 169 175 169 170 155 166 159 172 156 179 170 169 176 173 160 169 173 173 165 178 162 169 165 171 159 183 169 174 170 171 162 165 172 173 168 175 153 167 158 170 158 179 167 169 176 177 157 172 173 173 161 183 162 168 164 171 160 180 
210 172 171 175 170 162 169 171 170 170 175 151 166 163 166 163 176 168 169 178 174 160 171 173 174 164 178 163 172 162 172 163 178 171 172 173 176 158 170 169 171 170 175 152 170 160 165 164 175 169 166 179 176 162 166 173 176 165 176 164 171 162 172 165 175 174 170 173 177 162 168 169 175 166 173 158 166 156 165 165 174 169 168 178 176 166 162 177 175 166 172 171 167 159 171 166 174 177 171 172 174 
211 164 166 172 173 169 172 162 160 161 164 168 171 173 170 176 177 163 162 179 172 172 169 170 166 164 171 166 170 179 172 171 180 158 171 172 168 170 173 163 158 162 167 170 164 174 170 176 178 163 162 179 171 171 169 172 168 161 172 170 164 179 172 174 179 159 167 172 171 170 170 166 160 163 165 169 163 175 168 179 177 165 161 176 173 169 169 171 172 161 171 171 165 176 175 176 172 166 163 173 169 
212 170 171 167 162 163 166 175 161 172 167 181 177 168 160 174 176 169 167 171 170 164 170 177 160 177 172 177 173 164 165 172 171 174 169 165 160 166 165 174 158 174 173 173 178 171 161 175 172 171 167 176 161 169 168 174 160 180 174 177 170 168 163 170 169 176 170 170 156 167 162 174 157 180 171 169 178 174 160 172 173 173 165 179 162 169 167 172 161 183 171 174 170 172 162 167 172 174 169 175 154 
213 168 163 171 160 180 168 169 178 178 157 175 174 175 161 184 162 169 166 171 163 180 173 172 175 170 163 170 172 172 172 175 152 167 168 167 163 177 169 169 180 174 160 172 174 176 164 179 163 172 165 172 163 178 172 173 173 176 159 171 170 173 172 175 153 170 166 165 165 176 170 166 180 177 162 167 174 178 165 177 164 171 165 172 165 175 175 171 173 177 163 169 170 176 169 173 159 166 161 166 166 
214 175 170 168 179 177 166 163 178 177 168 173 172 167 163 171 166 174 178 172 172 174 165 166 173 175 172 172 164 160 163 165 168 172 173 170 177 178 163 163 180 174 174 169 171 166 167 171 166 170 179 173 171 180 158 172 173 170 172 174 165 158 163 169 170 165 174 170 177 179 163 163 180 173 173 169 173 168 163 173 170 164 179 173 174 179 159 168 173 173 172 171 168 160 164 167 169 164 175 168 180 
215 178 166 163 178 175 172 169 172 172 164 172 171 166 176 175 178 172 167 165 175 171 172 172 169 162 165 167 175 162 172 167 181 177 169 161 176 177 173 167 171 171 166 171 177 161 177 172 178 174 165 167 174 172 176 171 166 161 167 167 174 159 174 173 173 178 172 161 177 174 175 167 176 162 171 169 174 161 180 174 178 171 169 164 172 171 178 172 171 157 168 164 174 158 180 171 169 178 175 160 174 
216 175 178 166 179 164 171 169 172 162 183 171 176 171 173 164 169 173 177 172 176 156 169 164 171 161 180 168 170 178 179 158 177 175 178 162 184 164 170 168 171 164 180 173 173 176 171 164 172 172 173 174 176 155 168 169 167 164 177 169 170 180 175 160 175 175 179 165 179 165 173 167 172 164 178 172 174 174 177 159 174 170 174 174 176 156 171 167 165 166 176 170 167 180 178 162 170 175 180 167 177 
217 166 172 167 172 166 175 175 172 174 178 164 171 171 178 171 174 162 167 162 166 168 177 170 169 179 178 167 165 180 178 169 173 173 168 164 171 167 174 178 172 174 175 166 168 174 176 173 173 166 161 164 165 170 174 173 170 178 178 165 165 182 175 175 169 172 167 168 171 166 171 179 173 173 180 160 174 174 171 173 175 167 159 164 169 171 168 174 170 178 179 165 165 182 174 174 169 174 168 165 173 
218 170 166 179 173 176 179 162 170 175 173 174 175 171 160 166 167 170 167 176 168 181 179 168 164 179 175 173 170 173 172 162 172 171 167 176 175 179 172 169 166 176 171 174 174 172 162 166 167 176 164 173 167 182 178 171 162 176 178 174 168 172 171 164 171 177 162 177 172 179 174 167 168 174 173 177 174 168 162 168 167 175 161 175 173 174 179 173 163 177 175 175 169 176 163 169 169 174 162 180 174 
219 179 171 170 167 173 172 180 175 173 158 169 164 175 162 183 171 170 180 176 163 175 175 178 168 179 164 169 169 172 164 183 171 176 171 174 166 170 174 179 174 178 156 169 164 172 165 183 168 170 180 180 160 177 176 178 164 184 164 168 168 171 165 181 173 173 176 172 166 172 174 175 176 178 155 168 169 168 167 181 169 170 181 177 162 175 176 179 167 179 165 171 167 172 165 179 172 174 174 178 161 
220 174 172 176 177 178 156 171 167 167 170 181 170 171 182 180 165 170 177 180 170 177 166 169 169 173 167 177 175 173 174 178 167 171 173 179 174 176 162 167 162 168 171 180 170 173 180 180 170 165 181 179 172 173 173 165 166 172 167 177 178 172 175 175 169 168 176 176 176 176 166 161 164 167 171 179 173 174 179 180 168 165 183 176 177 170 172 164 170 172 166 174 179 173 174 180 163 174 176 171 176 
221 178 168 160 164 172 172 173 174 175 179 181 169 166 184 176 175 171 174 169 164 175 170 168 179 175 177 179 165 171 178 173 175 177 171 161 166 169 172 171 176 173 182 180 170 166 181 177 173 172 173 173 164 174 171 168 177 176 181 172 170 169 179 171 175 176 172 163 166 169 177 167 175 171 184 179 171 166 178 180 174 170 172 172 165 174 177 163 178 173 181 174 167 172 176 174 178 175 169 163 168 
222 169 177 166 177 174 181 180 173 167 178 178 176 171 176 164 170 172 175 165 181 174 182 171 170 170 174 173 180 176 174 159 170 165 177 165 184 172 176 181 176 166 175 178 178 170 179 164 170 171 174 165 185 171 179 171 174 169 171 175 179 175 179 156 171 165 174 167 185 169 176 181 180 163 177 179 178 166 184 164 169 170 172 167 183 173 176 176 172 168 173 176 175 177 179 155 169 170 170 169 184 
223 170 177 183 177 165 176 179 180 170 179 166 173 168 174 170 182 172 178 175 178 165 175 174 176 178 180 157 173 168 170 174 183 171 174 183 180 167 171 179 181 171 178 167 171 169 174 172 179 175 176 175 178 170 172 175 179 174 179 163 169 163 171 175 182 171 175 182 180 172 166 182 181 173 174 174 167 166 173 172 179 178 175 176 175 172 169 178 176 176 179 167 163 165 170 175 181 174 176 181 180 
224 170 166 184 178 178 171 173 167 170 173 170 177 179 176 176 180 167 175 178 172 176 179 170 162 165 175 175 176 175 176 181 181 170 166 184 176 177 172 175 170 165 175 174 171 179 176 179 179 168 171 178 174 175 178 173 162 168 172 175 174 177 174 183 181 171 166 181 177 175 173 174 174 165 174 174 172 177 177 182 173 173 169 179 172 175 177 174 164 168 172 179 171 176 172 185 180 172 166 178 180 
225 177 171 175 173 166 174 179 168 178 173 183 178 172 172 176 175 179 176 173 164 170 173 178 170 177 174 183 184 175 168 178 178 179 172 179 165 171 172 176 168 181 174 184 174 174 172 174 174 181 177 178 160 171 168 178 170 184 172 178 185 177 168 175 178 181 171 182 164 172 171 174 169 185 171 181 174 177 172 171 176 180 176 181 158 173 167 176 172 185 169 178 185 181 165 177 179 181 167 184 167 
226 172 170 173 172 184 173 178 179 175 171 173 177 176 178 182 157 172 173 172 174 185 170 178 185 179 166 176 179 182 170 181 169 175 168 175 171 183 172 179 177 180 167 175 175 177 178 182 158 175 171 170 176 184 171 175 185 181 169 171 179 183 171 180 170 173 169 174 174 180 175 177 177 180 172 172 175 181 174 180 165 170 167 171 177 183 171 176 184 181 174 166 182 182 174 176 177 168 167 173 174 
227 181 179 175 179 177 174 170 179 178 176 180 170 164 168 172 178 182 174 176 184 181 172 166 184 179 179 173 177 167 171 174 173 179 180 176 178 181 169 176 179 173 176 180 173 162 168 176 176 179 175 176 184 182 172 166 184 177 178 173 179 171 166 176 176 174 180 176 181 180 170 172 179 175 175 179 176 162 170 174 175 177 178 174 184 184 173 166 181 178 176 174 178 175 166 175 175 175 179 177 183 
228 177 175 170 180 174 175 178 177 164 169 175 179 174 177 172 186 184 175 166 180 181 177 171 178 174 167 175 180 171 179 174 183 179 173 172 178 176 179 176 175 164 171 175 178 171 178 174 183 185 176 168 179 179 179 172 182 166 172 173 177 171 182 175 184 175 175 172 176 175 181 177 179 161 172 170 178 171 185 172 178 186 178 168 176 179 181 171 184 166 173 172 175 171 187 172 181 175 178 172 173 
229 177 180 176 183 159 174 169 176 174 186 169 179 186 184 165 184 180 181 168 186 169 172 171 174 174 185 174 178 181 177 171 177 179 176 178 183 158 172 173 173 176 185 170 179 186 182 166 183 180 182 170 182 170 175 168 177 173 184 173 179 179 182 167 179 177 177 178 183 159 175 171 171 178 184 171 176 186 183 170 178 180 183 171 181 171 173 169 176 176 181 176 177 178 183 172 176 177 181 174 181 
230 168 170 168 172 179 183 171 178 185 183 175 174 183 182 174 177 180 168 167 176 176 181 179 176 180 180 174 174 180 178 176 181 172 164 169 172 179 182 174 178 185 183 173 174 185 179 179 174 179 167 171 176 174 179 180 177 179 184 169 179 181 173 176 181 175 162 169 176 177 179 175 178 185 184 173 173 186 177 178 174 180 172 166 178 177 174 180 176 183 182 171 175 181 175 175 180 177 163 170 175 
231 176 179 181 177 185 185 176 172 184 178 176 175 179 178 166 177 176 177 179 179 185 177 177 171 183 175 175 179 178 166 170 177 179 177 180 175 186 185 177 168 185 181 177 172 179 176 168 177 180 174 179 176 185 179 175 173 181 177 179 176 177 166 172 177 178 174 181 177 183 185 179 169 185 179 179 173 183 168 173 175 177 174 182 177 185 176 177 173 179 176 181 177 181 163 173 172 178 174 188 174 
232 181 186 181 171 182 179 181 172 185 168 174 173 176 175 188 174 182 176 179 176 177 178 180 176 184 161 175 172 176 177 188 172 181 186 184 169 184 180 181 168 186 172 173 171 175 177 186 176 179 181 177 175 178 180 176 178 183 161 173 175 174 179 186 174 181 186 182 170 183 180 182 170 182 173 176 168 178 176 185 175 180 179 182 171 179 179 177 178 183 162 176 173 172 181 185 174 179 186 183 173 
233 180 180 183 171 181 175 175 169 177 179 182 178 178 180 183 176 177 178 182 174 181 172 172 169 173 182 185 174 181 185 184 177 176 183 182 174 177 181 171 167 176 179 182 180 177 182 180 177 175 181 179 176 181 175 167 170 173 182 184 176 182 185 184 175 176 185 179 179 174 180 170 171 176 177 180 181 178 181 184 172 180 182 174 176 181 178 165 170 177 178 182 178 182 185 185 175 175 186 177 178 
234 174 181 175 166 178 178 177 182 179 184 183 172 179 182 176 176 180 180 167 171 176 177 180 182 181 186 186 177 177 184 179 176 175 180 179 166 177 177 178 180 181 186 178 177 175 184 175 175 180 179 170 171 177 179 179 181 179 187 186 178 173 185 182 177 172 179 178 168 177 180 176 180 178 186 180 175 177 182 177 179 177 178 169 174 177 178 176 182 180 185 186 180 174 185 179 180 173 183 170 173 
235 175 178 176 184 179 187 177 177 177 180 176 182 178 183 167 174 173 178 177 189 177 183 186 183 174 182 179 183 172 185 171 174 173 177 175 189 177 184 177 179 178 177 178 181 177 186 165 176 172 176 179 189 175 183 186 186 171 185 180 183 168 186 175 173 171 175 178 187 178 182 182 177 177 178 180 177 179 184 166 174 175 174 180 188 176 184 186 184 172 184 180 184 170 182 175 177 168 178 177 186 
236 177 183 181 182 173 179 179 178 180 185 166 178 174 173 182 187 177 182 187 185 174 183 180 184 172 181 175 180 170 178 180 183 180 180 181 183 176 178 178 183 176 182 173 174 170 174 182 187 176 184 186 185 177 180 183 183 175 177 181 176 168 177 180 183 181 180 183 180 177 176 181 180 178 182 176 169 171 174 182 186 178 185 186 185 175 179 186 180 180 174 180 175 172 177 178 181 182 181 182 184 
237 172 181 182 175 178 183 179 169 171 179 178 185 180 186 186 185 176 180 188 178 179 174 181 178 171 180 179 179 182 181 185 183 172 179 182 177 177 182 181 170 171 179 177 183 182 184 187 186 177 179 187 179 177 175 180 182 170 180 178 180 180 183 187 178 177 175 184 176 176 182 180 173 171 180 179 181 182 182 188 186 178 175 188 182 178 172 179 181 172 180 181 177 181 180 187 180 175 177 182 178 
238 180 178 181 172 175 181 180 179 183 183 186 186 180 177 187 181 181 173 184 173 178 179 179 179 184 181 187 178 177 178 180 178 182 178 186 169 175 177 180 179 189 179 184 186 183 177 184 181 183 172 186 173 179 176 179 178 189 178 185 178 179 179 177 180 181 177 189 167 176 175 180 181 189 177 184 186 186 174 187 182 183 168 187 177 177 175 177 181 187 179 183 183 177 178 178 181 178 179 187 168 
239 174 178 177 183 188 178 185 186 185 175 188 182 184 170 183 178 181 172 180 180 187 178 183 182 184 174 180 180 178 180 187 168 178 176 175 184 188 178 182 187 186 177 185 182 184 172 182 178 180 173 179 182 185 181 180 182 185 176 180 179 183 176 183 174 176 172 176 184 188 177 184 186 186 179 183 185 183 175 177 183 178 171 178 182 185 182 180 184 182 177 178 182 180 178 183 177 171 173 175 185 
240 187 179 187 186 185 179 183 188 180 180 174 183 177 175 178 183 183 184 184 184 185 173 183 182 176 178 184 180 169 173 179 181 186 181 187 186 185 179 183 188 179 179 174 184 178 173 181 181 183 183 184 186 185 173 181 182 178 177 183 182 170 172 180 179 185 183 185 187 186 179 182 188 180 177 175 183 182 171 182 180 184 181 186 188 180 178 176 185 177 176 183 181 173 172 181 181 183 183 183 188 
241 187 179 179 189 183 178 172 182 182 173 182 183 181 182 183 188 181 178 178 183 179 180 179 181 173 175 181 180 180 183 184 187 187 181 180 188 181 181 173 185 175 178 179 181 181 185 182 189 179 180 178 181 178 182 179 186 170 175 177 180 180 189 180 185 187 184 180 185 181 183 172 186 176 179 176 180 181 190 179 187 179 182 179 178 180 181 178 189 168 176 175 180 182 189 178 185 187 187 177 188 
242 182 184 168 187 180 178 175 180 184 188 180 186 184 182 178 179 181 180 179 188 169 175 178 178 184 188 179 187 187 185 177 188 182 185 170 183 180 182 172 182 183 188 179 186 183 186 175 180 180 179 181 188 169 179 176 176 185 188 179 184 187 187 179 185 182 185 172 182 180 181 173 181 185 185 183 183 183 187 177 180 179 184 177 184 174 178 172 177 185 188 178 186 186 187 181 183 185 184 175 177 
243 184 180 171 181 185 185 184 183 185 185 178 179 182 181 179 186 178 173 174 177 186 188 179 188 186 186 180 183 188 181 180 177 184 179 175 180 184 183 184 185 184 187 175 184 182 177 179 185 182 171 174 180 182 187 181 188 186 186 180 183 188 179 180 177 185 180 173 183 182 183 183 185 186 187 175 182 182 178 179 184 184 172 173 181 180 186 183 186 187 187 180 182 188 180 178 178 184 184 171 184 
244 181 184 181 187 189 182 180 178 185 177 178 184 183 175 174 183 182 184 183 185 188 187 180 180 189 183 179 175 183 185 173 184 185 181 182 184 189 183 179 180 183 179 182 180 183 174 177 182 182 181 183 185 188 187 182 181 188 181 182 176 186 178 178 180 184 181 185 183 190 180 182 180 181 178 184 180 188 170 178 178 182 181 189 181 186 187 185 181 185 181 184 175 187 178 180 177 183 181 190 180 
245 188 180 185 180 179 180 183 179 191 169 178 178 182 183 189 180 186 187 188 179 188 183 184 171 188 182 178 176 182 184 188 181 186 184 183 180 180 181 180 180 190 170 176 181 179 185 188 181 187 187 186 179 188 183 185 173 184 182 182 173 184 183 188 180 186 183 187 176 182 180 179 182 189 170 181 177 179 186 188 181 184 187 188 181 185 183 185 174 184 181 182 174 183 185 185 183 184 183 188 178 
246 183 179 184 178 186 176 180 174 182 188 188 181 186 187 188 183 183 186 184 175 182 185 182 172 183 185 185 184 184 186 185 179 181 182 181 179 186 180 175 175 181 188 188 182 188 187 186 182 183 189 181 180 177 186 181 176 182 184 183 184 186 185 187 176 186 182 177 179 185 184 173 175 184 184 187 182 190 186 187 182 183 188 180 180 177 187 182 174 185 182 183 183 186 186 188 176 184 182 178 179 
247 185 185 174 175 185 182 186 184 189 187 188 183 182 188 181 178 178 186 185 173 186 181 186 181 187 190 184 181 181 185 177 178 185 184 177 175 185 183 186 183 188 188 188 182 180 189 184 179 175 184 185 174 186 185 183 182 184 190 185 180 183 183 179 182 181 184 176 178 184 183 183 183 188 188 188 183 182 188 182 182 176 187 178 179 182 184 183 185 183 190 183 183 182 182 178 184 181 189 172 179 
248 180 183 184 189 185 187 188 186 182 185 182 184 175 188 178 182 179 183 184 190 180 190 183 185 183 180 181 183 180 192 170 179 179 183 186 189 183 187 188 188 180 188 183 184 171 189 182 180 177 182 187 188 181 188 187 183 182 182 182 180 180 192 171 177 182 180 188 188 183 189 188 186 180 188 183 185 173 185 182 184 173 185 186 188 180 188 186 187 178 184 181 179 182 191 171 182 177 181 189 188 
249 184 186 188 188 182 185 183 185 174 185 182 185 177 184 189 186 183 186 186 188 180 185 179 185 178 187 177 180 176 182 189 189 183 188 187 188 184 183 186 184 175 182 186 184 175 183 188 187 184 185 188 186 181 183 182 182 179 187 181 175 177 181 189 189 184 189 188 186 183 183 189 181 180 177 187 183 178 183 186 186 184 186 188 188 178 188 182 178 179 186 185 173 176 185 185 188 184 191 187 187 
250 183 183 188 181 181 177 189 184 176 187 183 186 184 186 190 191 178 186 182 180 180 185 186 174 177 186 183 187 185 190 189 189 183 182 188 182 179 178 188 186 176 188 182 187 182 187 193 186 182 182 185 179 179 185 185 177 177 186 184 187 183 190 189 190 182 180 189 185 180 175 186 186 177 188 185 185 183 184 193 187 181 184 183 181 183 181 185 176 179 186 183 185 183 190 189 190 183 182 188 183 
