9.810000061988830566e-01
9.242500066757202148e-01
9.934999942779541016e-01
9.624999761581420898e-01
8.560000061988830566e-01
9.307500123977661133e-01
9.392499923706054688e-01
8.700000047683715820e-01
8.597499728202819824e-01
9.452499747276306152e-01
8.445000052452087402e-01
9.265000224113464355e-01
9.582499861717224121e-01
9.847499728202819824e-01
8.939999938011169434e-01
9.929999709129333496e-01
9.217500090599060059e-01
9.965000152587890625e-01
9.802500009536743164e-01
7.532500028610229492e-01
8.882499933242797852e-01
9.470000267028808594e-01
9.399999976158142090e-01
9.737499952316284180e-01
9.944999814033508301e-01
7.817500233650207520e-01
8.619999885559082031e-01
9.202499985694885254e-01
9.595000147819519043e-01
9.632499814033508301e-01
6.972500085830688477e-01
9.610000252723693848e-01
9.599999785423278809e-01
8.579999804496765137e-01
9.842500090599060059e-01
9.602500200271606445e-01
9.557499885559082031e-01
5.862500071525573730e-01
9.455000162124633789e-01
9.832500219345092773e-01
9.002500176429748535e-01
9.822499752044677734e-01
9.937499761581420898e-01
9.064999818801879883e-01
9.835000038146972656e-01
9.937499761581420898e-01
9.225000143051147461e-01
9.725000262260437012e-01
9.327499866485595703e-01
8.330000042915344238e-01
7.372499704360961914e-01
9.207500219345092773e-01
9.917500019073486328e-01
9.222499728202819824e-01
9.607499837875366211e-01
9.897500276565551758e-01
9.925000071525573730e-01
9.932500123977661133e-01
6.740000247955322266e-01
9.909999966621398926e-01
8.314999938011169434e-01
9.717500209808349609e-01
7.304999828338623047e-01
9.592499732971191406e-01
9.227499961853027344e-01
9.819999933242797852e-01
9.844999909400939941e-01
9.042500257492065430e-01
9.887499809265136719e-01
7.812500000000000000e-01
7.910000085830688477e-01
7.885000109672546387e-01
9.854999780654907227e-01
9.384999871253967285e-01
8.427500128746032715e-01
9.557499885559082031e-01
6.292499899864196777e-01
8.174999952316284180e-01
8.790000081062316895e-01
9.739999771118164062e-01
9.539999961853027344e-01
9.860000014305114746e-01
9.944999814033508301e-01
5.015000104904174805e-01
9.877499938011169434e-01
9.375000000000000000e-01
8.067499995231628418e-01
9.562500119209289551e-01
7.235000133514404297e-01
9.865000247955322266e-01
6.389999985694885254e-01
8.982499837875366211e-01
9.907500147819519043e-01
8.880000114440917969e-01
7.289999723434448242e-01
9.129999876022338867e-01
9.927499890327453613e-01
8.342499732971191406e-01
8.740000128746032715e-01
9.769999980926513672e-01
8.780000209808349609e-01
9.365000128746032715e-01
9.365000128746032715e-01
7.670000195503234863e-01
9.950000047683715820e-01
9.032499790191650391e-01
6.712499856948852539e-01
8.360000252723693848e-01
9.417499899864196777e-01
5.762500166893005371e-01
8.684999942779541016e-01
9.154999852180480957e-01
5.770000219345092773e-01
9.284999966621398926e-01
9.537500143051147461e-01
9.302499890327453613e-01
8.075000047683715820e-01
9.089999794960021973e-01
9.817500114440917969e-01
9.175000190734863281e-01
8.872500061988830566e-01
8.165000081062316895e-01
8.617500066757202148e-01
9.169999957084655762e-01
9.800000190734863281e-01
9.315000176429748535e-01
6.495000123977661133e-01
9.847499728202819824e-01
8.722500205039978027e-01
9.802500009536743164e-01
9.497500061988830566e-01
9.817500114440917969e-01
8.472499847412109375e-01
9.647499918937683105e-01
9.875000119209289551e-01
8.432499766349792480e-01
9.639999866485595703e-01
9.539999961853027344e-01
9.447500109672546387e-01
5.067499876022338867e-01
8.615000247955322266e-01
9.767500162124633789e-01
9.330000281333923340e-01
8.397499918937683105e-01
9.020000100135803223e-01
8.880000114440917969e-01
8.669999837875366211e-01
7.804999947547912598e-01
8.684999942779541016e-01
8.815000057220458984e-01
7.497500181198120117e-01
9.912499785423278809e-01
9.495000243186950684e-01
9.445000290870666504e-01
9.875000119209289551e-01
9.875000119209289551e-01
8.727499842643737793e-01
9.087499976158142090e-01
9.940000176429748535e-01
9.862499833106994629e-01
9.574999809265136719e-01
8.122500181198120117e-01
9.937499761581420898e-01
9.775000214576721191e-01
9.890000224113464355e-01
9.534999728202819824e-01
8.830000162124633789e-01
9.884999990463256836e-01
9.725000262260437012e-01
8.289999961853027344e-01
7.045000195503234863e-01
8.569999933242797852e-01
9.427499771118164062e-01
9.577500224113464355e-01
9.735000133514404297e-01
9.367499947547912598e-01
9.794999957084655762e-01
9.882500171661376953e-01
9.462500214576721191e-01
8.794999718666076660e-01
8.920000195503234863e-01
7.512500286102294922e-01
9.447500109672546387e-01
9.800000190734863281e-01
9.907500147819519043e-01
9.685000181198120117e-01
8.767499923706054688e-01
6.524999737739562988e-01
9.710000157356262207e-01
8.880000114440917969e-01
9.265000224113464355e-01
7.394999861717224121e-01
9.812499880790710449e-01
5.062500238418579102e-01
8.395000100135803223e-01
7.609999775886535645e-01
7.882500290870666504e-01
7.534999847412109375e-01
9.917500019073486328e-01
8.025000095367431641e-01
9.350000023841857910e-01
8.732500076293945312e-01
7.624999880790710449e-01
8.642500042915344238e-01
9.840000271797180176e-01
9.729999899864196777e-01
9.902499914169311523e-01
9.937499761581420898e-01
9.649999737739562988e-01
9.732499718666076660e-01
8.892499804496765137e-01
9.750000238418579102e-01
9.670000076293945312e-01
7.149999737739562988e-01
9.667500257492065430e-01
9.875000119209289551e-01
8.927500247955322266e-01
9.247499704360961914e-01
9.937499761581420898e-01
8.542500138282775879e-01
9.894999861717224121e-01
9.700000286102294922e-01
9.822499752044677734e-01
9.652500152587890625e-01
9.872499704360961914e-01
8.722500205039978027e-01
9.687500000000000000e-01
6.487500071525573730e-01
7.757499814033508301e-01
9.794999957084655762e-01
9.777500033378601074e-01
8.209999799728393555e-01
7.835000157356262207e-01
8.755000233650207520e-01
9.804999828338623047e-01
9.472500085830688477e-01
9.455000162124633789e-01
7.997499704360961914e-01
9.657499790191650391e-01
9.405000209808349609e-01
8.874999880790710449e-01
9.562500119209289551e-01
9.689999818801879883e-01
9.652500152587890625e-01
9.592499732971191406e-01
9.092500209808349609e-01
9.017500281333923340e-01
9.190000295639038086e-01
9.605000019073486328e-01
9.457499980926513672e-01
8.827499747276306152e-01
9.692500233650207520e-01
8.830000162124633789e-01
9.537500143051147461e-01
9.835000038146972656e-01
6.539999842643737793e-01
7.732499837875366211e-01
9.800000190734863281e-01
9.440000057220458984e-01
9.045000076293945312e-01
9.767500162124633789e-01
9.282500147819519043e-01
9.802500009536743164e-01
9.620000123977661133e-01
9.002500176429748535e-01
8.805000185966491699e-01
9.817500114440917969e-01
9.307500123977661133e-01
8.450000286102294922e-01
8.690000176429748535e-01
8.692499995231628418e-01
9.942499995231628418e-01
9.927499890327453613e-01
9.587500095367431641e-01
9.835000038146972656e-01
9.915000200271606445e-01
9.767500162124633789e-01
9.194999933242797852e-01
7.432500123977661133e-01
7.760000228881835938e-01
8.562499880790710449e-01
9.147499799728393555e-01
9.262499809265136719e-01
9.832500219345092773e-01
9.782500267028808594e-01
9.117500185966491699e-01
9.497500061988830566e-01
8.264999985694885254e-01
8.140000104904174805e-01
8.672500252723693848e-01
8.912500143051147461e-01
9.654999971389770508e-01
9.520000219345092773e-01
8.437500000000000000e-01
9.470000267028808594e-01
9.792500138282775879e-01
9.767500162124633789e-01
9.272500276565551758e-01
9.434999823570251465e-01
9.754999876022338867e-01
9.750000238418579102e-01
9.614999890327453613e-01
9.907500147819519043e-01
9.027500152587890625e-01
9.095000028610229492e-01
8.222500085830688477e-01
9.745000004768371582e-01
8.672500252723693848e-01
9.810000061988830566e-01
9.772499799728393555e-01
9.022499918937683105e-01
9.272500276565551758e-01
8.677499890327453613e-01
8.042500019073486328e-01
8.887500166893005371e-01
9.492499828338623047e-01
9.407500028610229492e-01
9.072499871253967285e-01
9.390000104904174805e-01
8.949999809265136719e-01
8.314999938011169434e-01
9.844999909400939941e-01
9.607499837875366211e-01
9.802500009536743164e-01
8.895000219345092773e-01
9.967499971389770508e-01
7.762500047683715820e-01
8.080000281333923340e-01
9.872499704360961914e-01
8.327500224113464355e-01
9.045000076293945312e-01
6.765000224113464355e-01
7.037500143051147461e-01
9.139999747276306152e-01
9.772499799728393555e-01
9.782500267028808594e-01
8.952500224113464355e-01
8.019999861717224121e-01
8.892499804496765137e-01
9.829999804496765137e-01
9.412500262260437012e-01
9.835000038146972656e-01
9.125000238418579102e-01
9.915000200271606445e-01
7.639999985694885254e-01
8.794999718666076660e-01
9.917500019073486328e-01
9.847499728202819824e-01
8.025000095367431641e-01
9.867500066757202148e-01
9.867500066757202148e-01
9.925000071525573730e-01
9.722499847412109375e-01
8.830000162124633789e-01
9.777500033378601074e-01
9.764999747276306152e-01
7.415000200271606445e-01
9.507499933242797852e-01
9.664999842643737793e-01
9.842500090599060059e-01
8.737499713897705078e-01
6.342499852180480957e-01
9.962499737739562988e-01
8.460000157356262207e-01
8.414999842643737793e-01
7.542499899864196777e-01
6.610000133514404297e-01
9.325000047683715820e-01
9.562500119209289551e-01
8.009999990463256836e-01
6.817499995231628418e-01
9.240000247955322266e-01
9.807500243186950684e-01
9.897500276565551758e-01
9.907500147819519043e-01
9.769999980926513672e-01
9.580000042915344238e-01
9.802500009536743164e-01
7.837499976158142090e-01
8.489999771118164062e-01
9.607499837875366211e-01
7.257500290870666504e-01
9.842500090599060059e-01
9.872499704360961914e-01
9.512500166893005371e-01
7.599999904632568359e-01
9.192500114440917969e-01
7.220000028610229492e-01
6.280000209808349609e-01
8.287500143051147461e-01
8.937500119209289551e-01
9.907500147819519043e-01
8.995000123977661133e-01
8.845000267028808594e-01
8.137500286102294922e-01
8.532500267028808594e-01
9.850000143051147461e-01
9.732499718666076660e-01
7.484999895095825195e-01
6.144999861717224121e-01
7.829999923706054688e-01
7.892500162124633789e-01
9.647499918937683105e-01
9.254999756813049316e-01
8.077499866485595703e-01
9.645000100135803223e-01
8.999999761581420898e-01
9.909999966621398926e-01
9.282500147819519043e-01
9.572499990463256836e-01
7.059999704360961914e-01
9.507499933242797852e-01
9.797499775886535645e-01
9.365000128746032715e-01
9.812499880790710449e-01
9.832500219345092773e-01
9.915000200271606445e-01
9.867500066757202148e-01
8.372499942779541016e-01
7.902500033378601074e-01
9.432500004768371582e-01
9.292500019073486328e-01
8.199999928474426270e-01
9.032499790191650391e-01
9.375000000000000000e-01
8.535000085830688477e-01
9.685000181198120117e-01
9.654999971389770508e-01
9.782500267028808594e-01
9.915000200271606445e-01
9.907500147819519043e-01
8.532500267028808594e-01
8.414999842643737793e-01
8.504999876022338867e-01
8.022500276565551758e-01
9.244999885559082031e-01
9.785000085830688477e-01
9.629999995231628418e-01
9.925000071525573730e-01
9.915000200271606445e-01
9.877499938011169434e-01
9.685000181198120117e-01
8.734999895095825195e-01
8.659999966621398926e-01
9.904999732971191406e-01
8.989999890327453613e-01
9.599999785423278809e-01
9.190000295639038086e-01
9.139999747276306152e-01
9.297500252723693848e-01
9.522500038146972656e-01
9.829999804496765137e-01
9.172499775886535645e-01
9.309999942779541016e-01
9.662500023841857910e-01
9.459999799728393555e-01
9.869999885559082031e-01
8.755000233650207520e-01
9.399999976158142090e-01
6.269999742507934570e-01
8.922500014305114746e-01
8.439999818801879883e-01
9.789999723434448242e-01
9.589999914169311523e-01
9.070000052452087402e-01
9.629999995231628418e-01
9.794999957084655762e-01
9.682499766349792480e-01
8.429999947547912598e-01
9.162499904632568359e-01
9.772499799728393555e-01
7.754999995231628418e-01
9.447500109672546387e-01
8.500000238418579102e-01
9.545000195503234863e-01
9.727500081062316895e-01
9.577500224113464355e-01
9.917500019073486328e-01
8.934999704360961914e-01
9.577500224113464355e-01
9.499999880790710449e-01
9.382500052452087402e-01
9.517499804496765137e-01
9.890000224113464355e-01
5.914999842643737793e-01
8.777499794960021973e-01
7.024999856948852539e-01
9.505000114440917969e-01
9.854999780654907227e-01
9.785000085830688477e-01
8.897500038146972656e-01
9.667500257492065430e-01
8.780000209808349609e-01
9.509999752044677734e-01
9.272500276565551758e-01
9.547500014305114746e-01
9.459999799728393555e-01
9.402499794960021973e-01
8.934999704360961914e-01
8.644999861717224121e-01
8.712499737739562988e-01
9.752500057220458984e-01
9.627500176429748535e-01
9.580000042915344238e-01
8.932499885559082031e-01
9.079999923706054688e-01
9.917500019073486328e-01
9.835000038146972656e-01
9.487500190734863281e-01
9.789999723434448242e-01
9.192500114440917969e-01
8.974999785423278809e-01
9.322500228881835938e-01
8.582500219345092773e-01
8.887500166893005371e-01
9.607499837875366211e-01
8.634999990463256836e-01
8.882499933242797852e-01
8.532500267028808594e-01
9.732499718666076660e-01
9.547500014305114746e-01
9.907500147819519043e-01
9.965000152587890625e-01
9.860000014305114746e-01
5.372499823570251465e-01
9.657499790191650391e-01
9.304999709129333496e-01
8.220000267028808594e-01
9.892500042915344238e-01
9.172499775886535645e-01
9.857500195503234863e-01
9.167500138282775879e-01
7.519999742507934570e-01
9.327499866485595703e-01
9.902499914169311523e-01
9.890000224113464355e-01
9.919999837875366211e-01
7.889999747276306152e-01
7.062500119209289551e-01
8.402500152587890625e-01
9.775000214576721191e-01
5.345000028610229492e-01
7.369999885559082031e-01
8.912500143051147461e-01
7.652500271797180176e-01
8.007500171661376953e-01
9.854999780654907227e-01
9.685000181198120117e-01
9.204999804496765137e-01
9.925000071525573730e-01
8.544999957084655762e-01
9.522500038146972656e-01
7.975000143051147461e-01
9.097499847412109375e-01
9.397500157356262207e-01
9.637500047683715820e-01
9.102500081062316895e-01
9.664999842643737793e-01
8.572499752044677734e-01
5.847499966621398926e-01
9.769999980926513672e-01
6.980000138282775879e-01
8.805000185966491699e-01
9.359999895095825195e-01
8.827499747276306152e-01
8.532500267028808594e-01
9.932500123977661133e-01
9.904999732971191406e-01
9.495000243186950684e-01
9.875000119209289551e-01
8.912500143051147461e-01
8.355000019073486328e-01
9.912499785423278809e-01
9.267500042915344238e-01
8.830000162124633789e-01
9.462500214576721191e-01
9.745000004768371582e-01
9.702500104904174805e-01
9.179999828338623047e-01
9.762499928474426270e-01
7.172499895095825195e-01
8.769999742507934570e-01
7.672500014305114746e-01
9.769999980926513672e-01
9.737499952316284180e-01
9.459999799728393555e-01
9.445000290870666504e-01
9.272500276565551758e-01
9.150000214576721191e-01
7.444999814033508301e-01
9.445000290870666504e-01
9.810000061988830566e-01
9.175000190734863281e-01
9.434999823570251465e-01
9.925000071525573730e-01
9.375000000000000000e-01
8.719999790191650391e-01
8.069999814033508301e-01
9.925000071525573730e-01
9.950000047683715820e-01
9.745000004768371582e-01
9.872499704360961914e-01
9.689999818801879883e-01
9.902499914169311523e-01
7.062500119209289551e-01
9.840000271797180176e-01
9.832500219345092773e-01
9.284999966621398926e-01
5.015000104904174805e-01
9.904999732971191406e-01
9.442499876022338867e-01
9.350000023841857910e-01
9.004999995231628418e-01
9.847499728202819824e-01
9.457499980926513672e-01
8.587499856948852539e-01
9.807500243186950684e-01
9.585000276565551758e-01
8.087499737739562988e-01
9.424999952316284180e-01
9.272500276565551758e-01
8.427500128746032715e-01
9.679999947547912598e-01
9.804999828338623047e-01
9.440000057220458984e-01
9.702500104904174805e-01
8.525000214576721191e-01
8.547499775886535645e-01
7.264999747276306152e-01
9.057499766349792480e-01
9.957500100135803223e-01
9.754999876022338867e-01
9.487500190734863281e-01
9.409999847412109375e-01
7.954999804496765137e-01
9.502500295639038086e-01
7.710000276565551758e-01
5.304999947547912598e-01
7.754999995231628418e-01
8.880000114440917969e-01
8.909999728202819824e-01
8.224999904632568359e-01
7.667499780654907227e-01
7.402499914169311523e-01
8.949999809265136719e-01
8.604999780654907227e-01
9.860000014305114746e-01
9.779999852180480957e-01
9.622499942779541016e-01
8.280000090599060059e-01
9.919999837875366211e-01
9.754999876022338867e-01
7.279999852180480957e-01
9.850000143051147461e-01
6.957499980926513672e-01
7.680000066757202148e-01
9.592499732971191406e-01
9.557499885559082031e-01
8.602499961853027344e-01
9.720000028610229492e-01
9.350000023841857910e-01
8.527500033378601074e-01
8.125000000000000000e-01
9.102500081062316895e-01
9.545000195503234863e-01
9.952499866485595703e-01
9.312499761581420898e-01
9.897500276565551758e-01
9.437500238418579102e-01
9.764999747276306152e-01
9.667500257492065430e-01
5.000000000000000000e-01
8.525000214576721191e-01
9.355000257492065430e-01
8.817499876022338867e-01
9.440000057220458984e-01
9.735000133514404297e-01
9.869999885559082031e-01
8.514999747276306152e-01
8.565000295639038086e-01
9.660000205039978027e-01
9.365000128746032715e-01
9.722499847412109375e-01
7.697499990463256836e-01
9.674999713897705078e-01
8.195000290870666504e-01
9.132500290870666504e-01
9.587500095367431641e-01
9.045000076293945312e-01
9.664999842643737793e-01
9.477499723434448242e-01
9.922500252723693848e-01
9.104999899864196777e-01
8.855000138282775879e-01
8.182500004768371582e-01
9.789999723434448242e-01
9.599999785423278809e-01
8.187500238418579102e-01
9.247499704360961914e-01
9.639999866485595703e-01
9.465000033378601074e-01
8.622499704360961914e-01
9.662500023841857910e-01
8.602499961853027344e-01
9.829999804496765137e-01
9.445000290870666504e-01
9.727500081062316895e-01
9.142500162124633789e-01
9.312499761581420898e-01
9.857500195503234863e-01
8.874999880790710449e-01
8.985000252723693848e-01
9.387500286102294922e-01
8.677499890327453613e-01
9.192500114440917969e-01
9.437500238418579102e-01
8.862500190734863281e-01
8.309999704360961914e-01
9.144999980926513672e-01
8.167499899864196777e-01
9.517499804496765137e-01
8.357499837875366211e-01
9.842500090599060059e-01
9.884999990463256836e-01
8.659999966621398926e-01
6.952499747276306152e-01
9.194999933242797852e-01
8.537499904632568359e-01
8.492500185966491699e-01
7.887499928474426270e-01
7.392500042915344238e-01
8.700000047683715820e-01
8.802499771118164062e-01
7.055000066757202148e-01
9.872499704360961914e-01
9.497500061988830566e-01
8.999999761581420898e-01
9.725000262260437012e-01
9.787499904632568359e-01
8.572499752044677734e-01
8.899999856948852539e-01
9.302499890327453613e-01
7.292500138282775879e-01
8.907499909400939941e-01
9.660000205039978027e-01
9.597499966621398926e-01
9.902499914169311523e-01
8.560000061988830566e-01
9.789999723434448242e-01
9.602500200271606445e-01
9.382500052452087402e-01
9.505000114440917969e-01
9.745000004768371582e-01
9.722499847412109375e-01
7.979999780654907227e-01
9.810000061988830566e-01
4.979999959468841553e-01
9.919999837875366211e-01
9.754999876022338867e-01
9.284999966621398926e-01
9.890000224113464355e-01
9.284999966621398926e-01
8.352500200271606445e-01
9.894999861717224121e-01
9.804999828338623047e-01
7.597500085830688477e-01
8.550000190734863281e-01
8.725000023841857910e-01
9.829999804496765137e-01
9.732499718666076660e-01
8.712499737739562988e-01
8.912500143051147461e-01
9.652500152587890625e-01
9.177500009536743164e-01
8.815000057220458984e-01
9.872499704360961914e-01
9.912499785423278809e-01
9.474999904632568359e-01
8.982499837875366211e-01
7.527499794960021973e-01
9.499999880790710449e-01
9.707499742507934570e-01
9.764999747276306152e-01
9.182500243186950684e-01
8.709999918937683105e-01
9.647499918937683105e-01
9.825000166893005371e-01
9.837499856948852539e-01
9.610000252723693848e-01
9.887499809265136719e-01
9.307500123977661133e-01
9.835000038146972656e-01
8.769999742507934570e-01
9.624999761581420898e-01
9.397500157356262207e-01
9.082499742507934570e-01
8.855000138282775879e-01
5.002499818801879883e-01
9.292500019073486328e-01
8.392500281333923340e-01
9.622499942779541016e-01
9.275000095367431641e-01
9.840000271797180176e-01
8.855000138282775879e-01
9.157500267028808594e-01
9.447500109672546387e-01
9.172499775886535645e-01
9.825000166893005371e-01
9.937499761581420898e-01
8.912500143051147461e-01
9.315000176429748535e-01
9.860000014305114746e-01
8.892499804496765137e-01
9.804999828338623047e-01
8.999999761581420898e-01
9.397500157356262207e-01
9.517499804496765137e-01
9.959999918937683105e-01
9.922500252723693848e-01
9.639999866485595703e-01
9.752500057220458984e-01
8.807500004768371582e-01
9.847499728202819824e-01
9.887499809265136719e-01
9.089999794960021973e-01
7.512500286102294922e-01
8.914999961853027344e-01
8.287500143051147461e-01
9.897500276565551758e-01
9.047499895095825195e-01
9.232500195503234863e-01
9.570000171661376953e-01
8.809999823570251465e-01
9.722499847412109375e-01
7.279999852180480957e-01
9.574999809265136719e-01
7.402499914169311523e-01
9.810000061988830566e-01
9.909999966621398926e-01
9.649999737739562988e-01
9.480000138282775879e-01
9.369999766349792480e-01
9.577500224113464355e-01
8.692499995231628418e-01
9.664999842643737793e-01
9.620000123977661133e-01
9.679999947547912598e-01
8.939999938011169434e-01
8.439999818801879883e-01
9.829999804496765137e-01
9.029999971389770508e-01
9.737499952316284180e-01
9.422500133514404297e-01
9.204999804496765137e-01
9.965000152587890625e-01
8.560000061988830566e-01
9.375000000000000000e-01
9.202499985694885254e-01
9.787499904632568359e-01
8.682500123977661133e-01
9.325000047683715820e-01
9.812499880790710449e-01
9.517499804496765137e-01
8.607500195503234863e-01
9.704999923706054688e-01
9.024999737739562988e-01
9.279999732971191406e-01
9.737499952316284180e-01
9.875000119209289551e-01
8.567500114440917969e-01
9.842500090599060059e-01
9.729999899864196777e-01
7.502499818801879883e-01
9.402499794960021973e-01
6.485000252723693848e-01
6.010000109672546387e-01
7.687500119209289551e-01
8.312500119209289551e-01
5.580000281333923340e-01
8.475000262260437012e-01
7.404999732971191406e-01
8.000000119209289551e-01
9.445000290870666504e-01
9.380000233650207520e-01
8.497499823570251465e-01
9.854999780654907227e-01
5.519999861717224121e-01
9.627500176429748535e-01
8.579999804496765137e-01
9.082499742507934570e-01
9.947500228881835938e-01
8.477500081062316895e-01
8.562499880790710449e-01
6.125000119209289551e-01
9.850000143051147461e-01
9.297500252723693848e-01
9.595000147819519043e-01
8.382499814033508301e-01
8.407499790191650391e-01
8.679999709129333496e-01
9.267500042915344238e-01
7.279999852180480957e-01
9.919999837875366211e-01
9.042500257492065430e-01
8.669999837875366211e-01
9.524999856948852539e-01
9.677500128746032715e-01
9.520000219345092773e-01
8.165000081062316895e-01
8.500000238418579102e-01
8.960000276565551758e-01
9.687500000000000000e-01
9.557499885559082031e-01
8.759999871253967285e-01
9.779999852180480957e-01
8.072500228881835938e-01
7.979999780654907227e-01
8.379999995231628418e-01
9.925000071525573730e-01
9.355000257492065430e-01
8.439999818801879883e-01
9.567499756813049316e-01
8.665000200271606445e-01
7.817500233650207520e-01
9.950000047683715820e-01
8.230000138282775879e-01
9.907500147819519043e-01
9.682499766349792480e-01
9.622499942779541016e-01
9.459999799728393555e-01
8.870000243186950684e-01
8.872500061988830566e-01
9.937499761581420898e-01
9.204999804496765137e-01
9.562500119209289551e-01
9.207500219345092773e-01
9.909999966621398926e-01
9.459999799728393555e-01
9.847499728202819824e-01
5.002499818801879883e-01
9.710000157356262207e-01
9.142500162124633789e-01
5.972499847412109375e-01
9.807500243186950684e-01
8.755000233650207520e-01
9.207500219345092773e-01
8.995000123977661133e-01
8.937500119209289551e-01
8.845000267028808594e-01
9.742500185966491699e-01
9.039999842643737793e-01
9.384999871253967285e-01
9.564999938011169434e-01
8.052499890327453613e-01
9.777500033378601074e-01
9.750000238418579102e-01
7.987499833106994629e-01
9.685000181198120117e-01
8.765000104904174805e-01
9.267500042915344238e-01
7.572500109672546387e-01
9.934999942779541016e-01
9.902499914169311523e-01
9.622499942779541016e-01
8.617500066757202148e-01
9.559999704360961914e-01
9.462500214576721191e-01
9.747499823570251465e-01
9.605000019073486328e-01
9.769999980926513672e-01
9.797499775886535645e-01
9.497500061988830566e-01
6.037499904632568359e-01
9.660000205039978027e-01
9.534999728202819824e-01
8.339999914169311523e-01
8.435000181198120117e-01
9.959999918937683105e-01
9.934999942779541016e-01
9.472500085830688477e-01
9.775000214576721191e-01
9.432500004768371582e-01
9.562500119209289551e-01
9.412500262260437012e-01
9.250000119209289551e-01
9.394999742507934570e-01
9.012500047683715820e-01
9.934999942779541016e-01
8.410000205039978027e-01
6.742500066757202148e-01
8.122500181198120117e-01
9.747499823570251465e-01
8.897500038146972656e-01
5.249999761581420898e-01
7.997499704360961914e-01
7.839999794960021973e-01
7.437499761581420898e-01
5.657500028610229492e-01
9.670000076293945312e-01
9.387500286102294922e-01
7.987499833106994629e-01
9.092500209808349609e-01
8.297500014305114746e-01
9.800000190734863281e-01
9.807500243186950684e-01
8.845000267028808594e-01
9.085000157356262207e-01
9.872499704360961914e-01
9.387500286102294922e-01
8.435000181198120117e-01
9.829999804496765137e-01
8.297500014305114746e-01
9.334999918937683105e-01
7.552499771118164062e-01
9.942499995231628418e-01
9.835000038146972656e-01
8.230000138282775879e-01
7.494999766349792480e-01
8.297500014305114746e-01
9.722499847412109375e-01
8.780000209808349609e-01
9.789999723434448242e-01
8.492500185966491699e-01
9.647499918937683105e-01
9.585000276565551758e-01
9.915000200271606445e-01
9.869999885559082031e-01
9.844999909400939941e-01
9.937499761581420898e-01
9.720000028610229492e-01
9.257500171661376953e-01
9.082499742507934570e-01
8.259999752044677734e-01
9.844999909400939941e-01
9.482499957084655762e-01
8.895000219345092773e-01
7.202500104904174805e-01
8.757500052452087402e-01
9.769999980926513672e-01
9.067500233650207520e-01
9.810000061988830566e-01
7.269999980926513672e-01
9.057499766349792480e-01
9.794999957084655762e-01
8.769999742507934570e-01
9.559999704360961914e-01
9.070000052452087402e-01
9.819999933242797852e-01
9.677500128746032715e-01
9.449999928474426270e-01
8.777499794960021973e-01
9.367499947547912598e-01
9.787499904632568359e-01
9.607499837875366211e-01
9.367499947547912598e-01
9.557499885559082031e-01
9.652500152587890625e-01
9.580000042915344238e-01
9.737499952316284180e-01
9.472500085830688477e-01
9.819999933242797852e-01
8.277500271797180176e-01
8.272500038146972656e-01
9.802500009536743164e-01
9.337499737739562988e-01
9.432500004768371582e-01
9.482499957084655762e-01
8.259999752044677734e-01
9.492499828338623047e-01
9.894999861717224121e-01
8.930000066757202148e-01
9.825000166893005371e-01
9.380000233650207520e-01
9.185000061988830566e-01
9.657499790191650391e-01
8.590000271797180176e-01
9.932500123977661133e-01
9.797499775886535645e-01
9.217500090599060059e-01
9.382500052452087402e-01
9.842500090599060059e-01
9.704999923706054688e-01
9.330000281333923340e-01
9.909999966621398926e-01
9.832500219345092773e-01
9.825000166893005371e-01
9.402499794960021973e-01
9.484999775886535645e-01
8.507500290870666504e-01
9.555000066757202148e-01
9.559999704360961914e-01
9.380000233650207520e-01
9.664999842643737793e-01
9.574999809265136719e-01
8.420000076293945312e-01
8.922500014305114746e-01
8.159999847412109375e-01
9.564999938011169434e-01
9.359999895095825195e-01
9.259999990463256836e-01
9.865000247955322266e-01
8.815000057220458984e-01
8.302500247955322266e-01
9.639999866485595703e-01
9.182500243186950684e-01
9.542499780654907227e-01
8.190000057220458984e-01
9.800000190734863281e-01
9.892500042915344238e-01
9.904999732971191406e-01
9.840000271797180176e-01
8.592500090599060059e-01
9.465000033378601074e-01
9.897500276565551758e-01
9.822499752044677734e-01
9.717500209808349609e-01
9.057499766349792480e-01
9.862499833106994629e-01
7.584999799728393555e-01
9.877499938011169434e-01
9.447500109672546387e-01
9.162499904632568359e-01
7.817500233650207520e-01
9.612500071525573730e-01
8.442500233650207520e-01
9.842500090599060059e-01
9.654999971389770508e-01
9.802500009536743164e-01
9.837499856948852539e-01
9.922500252723693848e-01
9.962499737739562988e-01
9.854999780654907227e-01
7.785000205039978027e-01
9.892500042915344238e-01
8.622499704360961914e-01
9.197499752044677734e-01
9.825000166893005371e-01
7.404999732971191406e-01
9.927499890327453613e-01
8.882499933242797852e-01
9.890000224113464355e-01
9.639999866485595703e-01
9.415000081062316895e-01
9.347500205039978027e-01
9.782500267028808594e-01
9.852499961853027344e-01
9.215000271797180176e-01
9.635000228881835938e-01
9.679999947547912598e-01
8.792499899864196777e-01
9.060000181198120117e-01
9.869999885559082031e-01
6.007500290870666504e-01
9.817500114440917969e-01
6.272500157356262207e-01
8.472499847412109375e-01
9.292500019073486328e-01
9.419999718666076660e-01
8.692499995231628418e-01
9.904999732971191406e-01
9.580000042915344238e-01
8.535000085830688477e-01
9.894999861717224121e-01
9.367499947547912598e-01
8.702499866485595703e-01
7.067499756813049316e-01
5.732499957084655762e-01
8.149999976158142090e-01
9.064999818801879883e-01
9.925000071525573730e-01
8.992499709129333496e-01
5.015000104904174805e-01
9.857500195503234863e-01
9.637500047683715820e-01
7.682499885559082031e-01
9.894999861717224121e-01
9.710000157356262207e-01
9.200000166893005371e-01
9.250000119209289551e-01
9.437500238418579102e-01
9.122499823570251465e-01
5.222499966621398926e-01
9.869999885559082031e-01
9.487500190734863281e-01
9.802500009536743164e-01
9.150000214576721191e-01
8.247500061988830566e-01
9.319999814033508301e-01
7.735000252723693848e-01
8.812500238418579102e-01
9.079999923706054688e-01
9.599999785423278809e-01
9.725000262260437012e-01
9.549999833106994629e-01
9.229999780654907227e-01
6.722499728202819824e-01
9.732499718666076660e-01
8.457499742507934570e-01
9.912499785423278809e-01
9.297500252723693848e-01
9.879999756813049316e-01
9.144999980926513672e-01
8.862500190734863281e-01
9.557499885559082031e-01
9.679999947547912598e-01
9.589999914169311523e-01
9.342499971389770508e-01
9.337499737739562988e-01
8.562499880790710449e-01
9.085000157356262207e-01
9.940000176429748535e-01
9.689999818801879883e-01
8.805000185966491699e-01
8.827499747276306152e-01
8.964999914169311523e-01
9.904999732971191406e-01
9.929999709129333496e-01
6.102499961853027344e-01
9.240000247955322266e-01
8.569999933242797852e-01
9.942499995231628418e-01
9.415000081062316895e-01
8.312500119209289551e-01
8.519999980926513672e-01
9.909999966621398926e-01
9.645000100135803223e-01
8.119999766349792480e-01
9.670000076293945312e-01
8.485000133514404297e-01
8.155000209808349609e-01
9.972500205039978027e-01
9.817500114440917969e-01
9.742500185966491699e-01
9.284999966621398926e-01
6.600000262260437012e-01
7.822499871253967285e-01
8.899999856948852539e-01
9.085000157356262207e-01
9.779999852180480957e-01
9.042500257492065430e-01
8.877500295639038086e-01
8.585000038146972656e-01
9.639999866485595703e-01
9.582499861717224121e-01
8.742499947547912598e-01
7.730000019073486328e-01
9.937499761581420898e-01
9.574999809265136719e-01
9.815000295639038086e-01
8.805000185966491699e-01
9.380000233650207520e-01
8.012499809265136719e-01
9.642500281333923340e-01
8.907499909400939941e-01
9.417499899864196777e-01
9.142500162124633789e-01
9.804999828338623047e-01
8.075000047683715820e-01
9.629999995231628418e-01
8.725000023841857910e-01
8.702499866485595703e-01
8.989999890327453613e-01
8.222500085830688477e-01
7.519999742507934570e-01
9.942499995231628418e-01
6.717500090599060059e-01
9.762499928474426270e-01
7.459999918937683105e-01
9.900000095367431641e-01
9.284999966621398926e-01
9.617499709129333496e-01
9.822499752044677734e-01
9.969999790191650391e-01
8.884999752044677734e-01
7.152500152587890625e-01
9.862499833106994629e-01
9.344999790191650391e-01
7.484999895095825195e-01
8.312500119209289551e-01
8.955000042915344238e-01
9.695000052452087402e-01
8.220000267028808594e-01
9.487500190734863281e-01
9.735000133514404297e-01
9.537500143051147461e-01
9.542499780654907227e-01
8.299999833106994629e-01
9.097499847412109375e-01
7.717499732971191406e-01
9.524999856948852539e-01
9.620000123977661133e-01
9.957500100135803223e-01
7.267500162124633789e-01
9.527500271797180176e-01
9.812499880790710449e-01
9.154999852180480957e-01
8.012499809265136719e-01
8.500000238418579102e-01
9.725000262260437012e-01
9.507499933242797852e-01
9.800000190734863281e-01
9.637500047683715820e-01
9.277499914169311523e-01
9.275000095367431641e-01
8.997499942779541016e-01
9.819999933242797852e-01
7.752500176429748535e-01
9.332500100135803223e-01
9.879999756813049316e-01
7.195000052452087402e-01
9.679999947547912598e-01
9.934999942779541016e-01
9.572499990463256836e-01
9.967499971389770508e-01
9.474999904632568359e-01
9.912499785423278809e-01
9.867500066757202148e-01
8.525000214576721191e-01
9.160000085830688477e-01
9.672499895095825195e-01
8.812500238418579102e-01
9.782500267028808594e-01
9.217500090599060059e-01
9.685000181198120117e-01
7.867500185966491699e-01
9.857500195503234863e-01
6.489999890327453613e-01
7.214999794960021973e-01
8.600000143051147461e-01
9.440000057220458984e-01
8.374999761581420898e-01
8.544999957084655762e-01
9.272500276565551758e-01
9.010000228881835938e-01
5.690000057220458984e-01
7.927500009536743164e-01
6.677500009536743164e-01
7.657499909400939941e-01
9.352499842643737793e-01
9.357500076293945312e-01
9.772499799728393555e-01
9.882500171661376953e-01
9.919999837875366211e-01
9.497500061988830566e-01
6.510000228881835938e-01
8.812500238418579102e-01
7.977499961853027344e-01
9.104999899864196777e-01
9.547500014305114746e-01
9.785000085830688477e-01
7.615000009536743164e-01
9.707499742507934570e-01
9.894999861717224121e-01
9.822499752044677734e-01
9.539999961853027344e-01
9.144999980926513672e-01
8.617500066757202148e-01
9.760000109672546387e-01
9.545000195503234863e-01
9.399999976158142090e-01
9.309999942779541016e-01
8.982499837875366211e-01
9.382500052452087402e-01
9.304999709129333496e-01
9.032499790191650391e-01
7.735000252723693848e-01
9.599999785423278809e-01
9.532499909400939941e-01
9.869999885559082031e-01
9.854999780654907227e-01
8.765000104904174805e-01
8.657500147819519043e-01
9.727500081062316895e-01
9.190000295639038086e-01
9.802500009536743164e-01
9.497500061988830566e-01
9.835000038146972656e-01
8.709999918937683105e-01
9.614999890327453613e-01
9.779999852180480957e-01
8.395000100135803223e-01
9.447500109672546387e-01
9.762499928474426270e-01
8.577499985694885254e-01
7.827500104904174805e-01
9.292500019073486328e-01
9.524999856948852539e-01
9.559999704360961914e-01
9.722499847412109375e-01
9.925000071525573730e-01
8.857499957084655762e-01
9.530000090599060059e-01
9.742500185966491699e-01
9.897500276565551758e-01
9.200000166893005371e-01
9.802500009536743164e-01
9.700000286102294922e-01
9.639999866485595703e-01
9.350000023841857910e-01
9.934999942779541016e-01
9.729999899864196777e-01
9.622499942779541016e-01
9.282500147819519043e-01
7.935000061988830566e-01
5.059999823570251465e-01
6.472499966621398926e-01
9.139999747276306152e-01
9.862499833106994629e-01
8.855000138282775879e-01
9.662500023841857910e-01
7.894999980926513672e-01
9.477499723434448242e-01
9.937499761581420898e-01
9.614999890327453613e-01
9.902499914169311523e-01
9.430000185966491699e-01
9.902499914169311523e-01
8.422499895095825195e-01
7.267500162124633789e-01
9.802500009536743164e-01
9.890000224113464355e-01
8.709999918937683105e-01
9.359999895095825195e-01
7.634999752044677734e-01
9.947500228881835938e-01
8.432499766349792480e-01
9.157500267028808594e-01
9.757500290870666504e-01
9.057499766349792480e-01
9.595000147819519043e-01
8.397499918937683105e-01
5.672500133514404297e-01
8.149999976158142090e-01
9.477499723434448242e-01
9.309999942779541016e-01
9.334999918937683105e-01
8.610000014305114746e-01
9.722499847412109375e-01
6.602500081062316895e-01
9.017500281333923340e-01
9.315000176429748535e-01
9.330000281333923340e-01
9.679999947547912598e-01
9.687500000000000000e-01
9.832500219345092773e-01
9.822499752044677734e-01
9.942499995231628418e-01
5.130000114440917969e-01
9.639999866485595703e-01
7.717499732971191406e-01
5.139999985694885254e-01
8.247500061988830566e-01
6.417499780654907227e-01
9.890000224113464355e-01
8.719999790191650391e-01
9.200000166893005371e-01
9.542499780654907227e-01
9.907500147819519043e-01
9.352499842643737793e-01
9.527500271797180176e-01
7.465000152587890625e-01
8.389999866485595703e-01
7.232499718666076660e-01
7.394999861717224121e-01
8.880000114440917969e-01
8.945000171661376953e-01
9.520000219345092773e-01
9.767500162124633789e-01
9.929999709129333496e-01
9.432500004768371582e-01
9.767500162124633789e-01
8.432499766349792480e-01
9.769999980926513672e-01
9.539999961853027344e-01
9.890000224113464355e-01
8.267499804496765137e-01
9.135000109672546387e-01
9.602500200271606445e-01
9.894999861717224121e-01
9.792500138282775879e-01
9.732499718666076660e-01
9.307500123977661133e-01
5.227500200271606445e-01
9.175000190734863281e-01
7.527499794960021973e-01
7.447500228881835938e-01
9.014999866485595703e-01
7.287499904632568359e-01
6.589999794960021973e-01
9.779999852180480957e-01
7.977499961853027344e-01
9.632499814033508301e-01
7.637500166893005371e-01
9.572499990463256836e-01
8.672500252723693848e-01
9.190000295639038086e-01
8.802499771118164062e-01
8.572499752044677734e-01
6.200000047683715820e-01
9.892500042915344238e-01
9.152500033378601074e-01
9.812499880790710449e-01
9.480000138282775879e-01
8.817499876022338867e-01
9.742500185966491699e-01
9.917500019073486328e-01
8.937500119209289551e-01
8.312500119209289551e-01
9.797499775886535645e-01
8.705000281333923340e-01
9.752500057220458984e-01
9.642500281333923340e-01
9.562500119209289551e-01
8.792499899864196777e-01
8.644999861717224121e-01
9.662500023841857910e-01
9.827499985694885254e-01
9.402499794960021973e-01
9.769999980926513672e-01
9.125000238418579102e-01
8.234999775886535645e-01
9.782500267028808594e-01
9.750000238418579102e-01
9.622499942779541016e-01
8.847500085830688477e-01
9.635000228881835938e-01
9.835000038146972656e-01
9.187499880790710449e-01
9.942499995231628418e-01
9.922500252723693848e-01
9.232500195503234863e-01
9.292500019073486328e-01
9.357500076293945312e-01
5.849999785423278809e-01
9.825000166893005371e-01
8.607500195503234863e-01
9.900000095367431641e-01
9.212499856948852539e-01
8.687499761581420898e-01
9.932500123977661133e-01
9.779999852180480957e-01
9.642500281333923340e-01
7.167500257492065430e-01
9.802500009536743164e-01
9.509999752044677734e-01
9.362499713897705078e-01
9.250000119209289551e-01
9.152500033378601074e-01
9.712499976158142090e-01
8.157500028610229492e-01
9.882500171661376953e-01
7.914999723434448242e-01
9.167500138282775879e-01
9.714999794960021973e-01
9.185000061988830566e-01
8.019999861717224121e-01
9.682499766349792480e-01
8.324999809265136719e-01
9.592499732971191406e-01
8.280000090599060059e-01
