9.902499914169311523e-01
9.777500033378601074e-01
9.284999966621398926e-01
9.782500267028808594e-01
9.455000162124633789e-01
9.927499890327453613e-01
9.292500019073486328e-01
9.897500276565551758e-01
9.654999971389770508e-01
9.850000143051147461e-01
9.549999833106994629e-01
9.877499938011169434e-01
9.605000019073486328e-01
9.850000143051147461e-01
9.679999947547912598e-01
9.649999737739562988e-01
8.245000243186950684e-01
8.769999742507934570e-01
9.577500224113464355e-01
9.904999732971191406e-01
9.829999804496765137e-01
9.624999761581420898e-01
9.900000095367431641e-01
9.815000295639038086e-01
9.854999780654907227e-01
9.627500176429748535e-01
9.804999828338623047e-01
9.405000209808349609e-01
9.702500104904174805e-01
9.297500252723693848e-01
9.722499847412109375e-01
9.152500033378601074e-01
9.922500252723693848e-01
9.712499976158142090e-01
9.835000038146972656e-01
9.729999899864196777e-01
8.305000066757202148e-01
8.067499995231628418e-01
9.689999818801879883e-01
9.892500042915344238e-01
9.879999756813049316e-01
9.317499995231628418e-01
9.742500185966491699e-01
9.509999752044677734e-01
9.232500195503234863e-01
7.217500209808349609e-01
9.424999952316284180e-01
9.707499742507934570e-01
9.617499709129333496e-01
9.869999885559082031e-01
9.415000081062316895e-01
9.867500066757202148e-01
9.875000119209289551e-01
9.265000224113464355e-01
9.877499938011169434e-01
9.707499742507934570e-01
9.840000271797180176e-01
9.850000143051147461e-01
9.817500114440917969e-01
9.884999990463256836e-01
9.752500057220458984e-01
9.509999752044677734e-01
9.762499928474426270e-01
9.892500042915344238e-01
9.720000028610229492e-01
9.745000004768371582e-01
9.225000143051147461e-01
9.925000071525573730e-01
9.482499957084655762e-01
9.815000295639038086e-01
9.872499704360961914e-01
9.875000119209289551e-01
9.637500047683715820e-01
9.865000247955322266e-01
9.437500238418579102e-01
9.672499895095825195e-01
9.869999885559082031e-01
9.110000133514404297e-01
9.447500109672546387e-01
9.570000171661376953e-01
9.682499766349792480e-01
9.832500219345092773e-01
9.819999933242797852e-01
9.582499861717224121e-01
8.705000281333923340e-01
9.915000200271606445e-01
9.552500247955322266e-01
9.432500004768371582e-01
9.865000247955322266e-01
9.797499775886535645e-01
9.900000095367431641e-01
9.002500176429748535e-01
9.822499752044677734e-01
9.884999990463256836e-01
9.897500276565551758e-01
9.902499914169311523e-01
9.815000295639038086e-01
9.330000281333923340e-01
9.179999828338623047e-01
9.890000224113464355e-01
9.879999756813049316e-01
8.852499723434448242e-01
9.657499790191650391e-01
9.642500281333923340e-01
9.637500047683715820e-01
9.819999933242797852e-01
9.792500138282775879e-01
9.725000262260437012e-01
9.904999732971191406e-01
9.632499814033508301e-01
9.934999942779541016e-01
9.490000009536743164e-01
9.840000271797180176e-01
9.827499985694885254e-01
9.670000076293945312e-01
9.850000143051147461e-01
9.915000200271606445e-01
9.767500162124633789e-01
9.342499971389770508e-01
9.800000190734863281e-01
9.792500138282775879e-01
8.397499918937683105e-01
9.887499809265136719e-01
9.722499847412109375e-01
8.257499933242797852e-01
9.804999828338623047e-01
9.649999737739562988e-01
9.897500276565551758e-01
8.790000081062316895e-01
9.785000085830688477e-01
