9.714999794960021973e-01
9.865000247955322266e-01
9.654999971389770508e-01
9.932500123977661133e-01
9.624999761581420898e-01
9.969999790191650391e-01
9.769999980926513672e-01
9.962499737739562988e-01
9.894999861717224121e-01
9.840000271797180176e-01
9.919999837875366211e-01
9.900000095367431641e-01
9.884999990463256836e-01
9.742500185966491699e-01
9.847499728202819824e-01
9.842500090599060059e-01
9.892500042915344238e-01
9.819999933242797852e-01
9.642500281333923340e-01
9.940000176429748535e-01
9.589999914169311523e-01
9.907500147819519043e-01
9.894999861717224121e-01
9.869999885559082031e-01
9.922500252723693848e-01
9.909999966621398926e-01
9.925000071525573730e-01
9.937499761581420898e-01
9.950000047683715820e-01
9.865000247955322266e-01
9.912499785423278809e-01
9.764999747276306152e-01
9.909999966621398926e-01
9.707499742507934570e-01
9.944999814033508301e-01
9.952499866485595703e-01
9.877499938011169434e-01
9.865000247955322266e-01
9.605000019073486328e-01
9.620000123977661133e-01
9.890000224113464355e-01
9.812499880790710449e-01
9.717500209808349609e-01
9.810000061988830566e-01
9.782500267028808594e-01
9.852499961853027344e-01
9.792500138282775879e-01
9.835000038146972656e-01
9.850000143051147461e-01
9.927499890327453613e-01
9.807500243186950684e-01
9.887499809265136719e-01
9.854999780654907227e-01
9.657499790191650391e-01
9.892500042915344238e-01
9.932500123977661133e-01
9.737499952316284180e-01
9.900000095367431641e-01
9.862499833106994629e-01
9.962499737739562988e-01
9.902499914169311523e-01
9.917500019073486328e-01
9.965000152587890625e-01
9.897500276565551758e-01
9.967499971389770508e-01
9.975000023841857910e-01
9.977499842643737793e-01
9.817500114440917969e-01
9.897500276565551758e-01
9.940000176429748535e-01
9.947500228881835938e-01
9.639999866485595703e-01
9.837499856948852539e-01
9.760000109672546387e-01
9.860000014305114746e-01
9.897500276565551758e-01
9.942499995231628418e-01
9.872499704360961914e-01
9.842500090599060059e-01
9.890000224113464355e-01
9.927499890327453613e-01
9.700000286102294922e-01
9.917500019073486328e-01
9.567499756813049316e-01
9.927499890327453613e-01
9.932500123977661133e-01
9.869999885559082031e-01
9.652500152587890625e-01
9.912499785423278809e-01
9.857500195503234863e-01
9.797499775886535645e-01
9.919999837875366211e-01
9.975000023841857910e-01
9.900000095367431641e-01
9.835000038146972656e-01
9.929999709129333496e-01
9.900000095367431641e-01
9.852499961853027344e-01
9.792500138282775879e-01
9.785000085830688477e-01
9.815000295639038086e-01
9.850000143051147461e-01
9.884999990463256836e-01
9.797499775886535645e-01
9.944999814033508301e-01
9.884999990463256836e-01
9.902499914169311523e-01
9.932500123977661133e-01
9.879999756813049316e-01
9.767500162124633789e-01
9.729999899864196777e-01
9.919999837875366211e-01
9.932500123977661133e-01
9.490000009536743164e-01
9.844999909400939941e-01
9.884999990463256836e-01
9.879999756813049316e-01
9.747499823570251465e-01
9.962499737739562988e-01
9.850000143051147461e-01
9.872499704360961914e-01
9.959999918937683105e-01
9.837499856948852539e-01
9.702500104904174805e-01
9.912499785423278809e-01
9.925000071525573730e-01
9.752500057220458984e-01
9.857500195503234863e-01
9.934999942779541016e-01
9.897500276565551758e-01
9.959999918937683105e-01
9.947500228881835938e-01
9.934999942779541016e-01
9.822499752044677734e-01
9.712499976158142090e-01
9.965000152587890625e-01
9.959999918937683105e-01
9.725000262260437012e-01
9.957500100135803223e-01
9.959999918937683105e-01
9.962499737739562988e-01
9.827499985694885254e-01
9.969999790191650391e-01
9.549999833106994629e-01
9.894999861717224121e-01
9.850000143051147461e-01
9.827499985694885254e-01
9.894999861717224121e-01
9.789999723434448242e-01
9.789999723434448242e-01
9.647499918937683105e-01
9.794999957084655762e-01
9.944999814033508301e-01
9.854999780654907227e-01
9.852499961853027344e-01
9.877499938011169434e-01
9.912499785423278809e-01
9.797499775886535645e-01
9.875000119209289551e-01
9.875000119209289551e-01
9.607499837875366211e-01
9.652500152587890625e-01
9.917500019073486328e-01
9.900000095367431641e-01
9.922500252723693848e-01
9.947500228881835938e-01
9.602500200271606445e-01
9.952499866485595703e-01
9.959999918937683105e-01
9.717500209808349609e-01
9.822499752044677734e-01
9.737499952316284180e-01
9.835000038146972656e-01
9.900000095367431641e-01
9.922500252723693848e-01
9.800000190734863281e-01
9.937499761581420898e-01
9.932500123977661133e-01
9.937499761581420898e-01
9.592499732971191406e-01
9.844999909400939941e-01
9.725000262260437012e-01
9.767500162124633789e-01
9.927499890327453613e-01
9.922500252723693848e-01
9.852499961853027344e-01
9.792500138282775879e-01
9.825000166893005371e-01
9.815000295639038086e-01
9.904999732971191406e-01
9.975000023841857910e-01
9.750000238418579102e-01
9.912499785423278809e-01
9.620000123977661133e-01
9.832500219345092773e-01
9.900000095367431641e-01
9.932500123977661133e-01
9.912499785423278809e-01
9.779999852180480957e-01
9.967499971389770508e-01
9.932500123977661133e-01
9.922500252723693848e-01
9.955000281333923340e-01
9.972500205039978027e-01
9.937499761581420898e-01
9.932500123977661133e-01
9.677500128746032715e-01
9.807500243186950684e-01
9.847499728202819824e-01
9.942499995231628418e-01
9.844999909400939941e-01
9.842500090599060059e-01
9.927499890327453613e-01
9.877499938011169434e-01
9.927499890327453613e-01
9.877499938011169434e-01
9.860000014305114746e-01
9.840000271797180176e-01
9.902499914169311523e-01
9.862499833106994629e-01
9.950000047683715820e-01
9.950000047683715820e-01
9.942499995231628418e-01
9.915000200271606445e-01
9.674999713897705078e-01
9.950000047683715820e-01
9.689999818801879883e-01
9.789999723434448242e-01
9.882500171661376953e-01
9.772499799728393555e-01
9.767500162124633789e-01
9.944999814033508301e-01
9.969999790191650391e-01
9.929999709129333496e-01
9.892500042915344238e-01
9.854999780654907227e-01
9.932500123977661133e-01
9.915000200271606445e-01
9.747499823570251465e-01
9.929999709129333496e-01
9.760000109672546387e-01
9.912499785423278809e-01
9.877499938011169434e-01
9.815000295639038086e-01
9.837499856948852539e-01
9.919999837875366211e-01
9.769999980926513672e-01
9.892500042915344238e-01
9.904999732971191406e-01
9.952499866485595703e-01
9.817500114440917969e-01
9.900000095367431641e-01
9.804999828338623047e-01
9.892500042915344238e-01
9.962499737739562988e-01
9.862499833106994629e-01
9.967499971389770508e-01
9.800000190734863281e-01
9.654999971389770508e-01
9.922500252723693848e-01
9.794999957084655762e-01
9.557499885559082031e-01
9.940000176429748535e-01
9.917500019073486328e-01
9.904999732971191406e-01
9.962499737739562988e-01
9.919999837875366211e-01
9.405000209808349609e-01
9.969999790191650391e-01
9.884999990463256836e-01
9.957500100135803223e-01
9.927499890327453613e-01
9.912499785423278809e-01
9.894999861717224121e-01
9.887499809265136719e-01
9.869999885559082031e-01
9.907500147819519043e-01
9.867500066757202148e-01
9.857500195503234863e-01
9.942499995231628418e-01
9.877499938011169434e-01
9.890000224113464355e-01
9.807500243186950684e-01
9.884999990463256836e-01
9.835000038146972656e-01
9.747499823570251465e-01
9.727500081062316895e-01
9.912499785423278809e-01
9.959999918937683105e-01
9.919999837875366211e-01
9.942499995231628418e-01
9.769999980926513672e-01
9.847499728202819824e-01
9.670000076293945312e-01
9.934999942779541016e-01
9.967499971389770508e-01
9.969999790191650391e-01
9.330000281333923340e-01
9.772499799728393555e-01
9.922500252723693848e-01
9.785000085830688477e-01
9.857500195503234863e-01
9.919999837875366211e-01
9.957500100135803223e-01
9.802500009536743164e-01
9.912499785423278809e-01
9.865000247955322266e-01
9.792500138282775879e-01
9.944999814033508301e-01
9.912499785423278809e-01
9.942499995231628418e-01
9.932500123977661133e-01
9.907500147819519043e-01
9.950000047683715820e-01
9.897500276565551758e-01
9.909999966621398926e-01
9.942499995231628418e-01
9.950000047683715820e-01
9.764999747276306152e-01
9.837499856948852539e-01
9.867500066757202148e-01
9.950000047683715820e-01
9.890000224113464355e-01
9.840000271797180176e-01
9.925000071525573730e-01
9.957500100135803223e-01
9.672499895095825195e-01
9.892500042915344238e-01
9.875000119209289551e-01
9.787499904632568359e-01
9.927499890327453613e-01
9.817500114440917969e-01
9.872499704360961914e-01
9.614999890327453613e-01
9.762499928474426270e-01
9.692500233650207520e-01
9.957500100135803223e-01
9.925000071525573730e-01
9.907500147819519043e-01
9.782500267028808594e-01
9.962499737739562988e-01
9.852499961853027344e-01
9.802500009536743164e-01
9.825000166893005371e-01
9.722499847412109375e-01
9.907500147819519043e-01
9.919999837875366211e-01
9.775000214576721191e-01
9.950000047683715820e-01
9.822499752044677734e-01
9.882500171661376953e-01
9.902499914169311523e-01
9.877499938011169434e-01
9.884999990463256836e-01
9.957500100135803223e-01
9.929999709129333496e-01
9.842500090599060059e-01
9.922500252723693848e-01
9.965000152587890625e-01
9.900000095367431641e-01
9.890000224113464355e-01
9.750000238418579102e-01
9.967499971389770508e-01
9.670000076293945312e-01
9.940000176429748535e-01
9.850000143051147461e-01
9.919999837875366211e-01
9.952499866485595703e-01
9.980000257492065430e-01
9.882500171661376953e-01
9.877499938011169434e-01
9.717500209808349609e-01
9.689999818801879883e-01
9.752500057220458984e-01
9.915000200271606445e-01
9.714999794960021973e-01
9.929999709129333496e-01
9.764999747276306152e-01
9.904999732971191406e-01
9.972500205039978027e-01
9.967499971389770508e-01
9.915000200271606445e-01
9.879999756813049316e-01
9.942499995231628418e-01
9.837499856948852539e-01
9.922500252723693848e-01
9.847499728202819824e-01
9.819999933242797852e-01
9.917500019073486328e-01
9.815000295639038086e-01
9.957500100135803223e-01
9.877499938011169434e-01
9.882500171661376953e-01
9.969999790191650391e-01
9.840000271797180176e-01
9.522500038146972656e-01
9.950000047683715820e-01
9.962499737739562988e-01
9.962499737739562988e-01
9.854999780654907227e-01
9.822499752044677734e-01
9.829999804496765137e-01
9.982500076293945312e-01
9.957500100135803223e-01
9.832500219345092773e-01
9.847499728202819824e-01
9.860000014305114746e-01
9.942499995231628418e-01
9.907500147819519043e-01
9.897500276565551758e-01
9.750000238418579102e-01
9.947500228881835938e-01
9.819999933242797852e-01
9.752500057220458984e-01
9.867500066757202148e-01
9.872499704360961914e-01
9.695000052452087402e-01
9.384999871253967285e-01
9.934999942779541016e-01
9.742500185966491699e-01
9.639999866485595703e-01
9.965000152587890625e-01
9.807500243186950684e-01
9.825000166893005371e-01
9.900000095367431641e-01
9.507499933242797852e-01
9.912499785423278809e-01
9.922500252723693848e-01
9.847499728202819824e-01
9.959999918937683105e-01
9.825000166893005371e-01
9.829999804496765137e-01
9.940000176429748535e-01
9.852499961853027344e-01
9.934999942779541016e-01
9.892500042915344238e-01
9.947500228881835938e-01
9.962499737739562988e-01
9.952499866485595703e-01
9.957500100135803223e-01
9.785000085830688477e-01
9.682499766349792480e-01
9.897500276565551758e-01
9.775000214576721191e-01
9.572499990463256836e-01
9.470000267028808594e-01
9.817500114440917969e-01
9.844999909400939941e-01
9.894999861717224121e-01
9.847499728202819824e-01
9.922500252723693848e-01
9.925000071525573730e-01
9.862499833106994629e-01
9.835000038146972656e-01
9.884999990463256836e-01
9.775000214576721191e-01
9.890000224113464355e-01
9.860000014305114746e-01
9.757500290870666504e-01
9.777500033378601074e-01
9.842500090599060059e-01
9.877499938011169434e-01
9.317499995231628418e-01
9.927499890327453613e-01
9.922500252723693848e-01
9.915000200271606445e-01
9.877499938011169434e-01
9.937499761581420898e-01
9.944999814033508301e-01
9.752500057220458984e-01
9.937499761581420898e-01
9.782500267028808594e-01
9.769999980926513672e-01
9.862499833106994629e-01
9.892500042915344238e-01
9.917500019073486328e-01
9.872499704360961914e-01
9.872499704360961914e-01
9.955000281333923340e-01
9.929999709129333496e-01
9.894999861717224121e-01
9.977499842643737793e-01
9.892500042915344238e-01
9.929999709129333496e-01
9.764999747276306152e-01
9.925000071525573730e-01
9.757500290870666504e-01
9.887499809265136719e-01
9.822499752044677734e-01
9.837499856948852539e-01
9.955000281333923340e-01
9.890000224113464355e-01
9.909999966621398926e-01
9.887499809265136719e-01
9.952499866485595703e-01
9.727500081062316895e-01
9.977499842643737793e-01
9.907500147819519043e-01
9.890000224113464355e-01
9.869999885559082031e-01
9.789999723434448242e-01
9.850000143051147461e-01
9.764999747276306152e-01
9.800000190734863281e-01
9.959999918937683105e-01
9.947500228881835938e-01
9.950000047683715820e-01
9.892500042915344238e-01
9.882500171661376953e-01
9.915000200271606445e-01
9.965000152587890625e-01
9.882500171661376953e-01
9.867500066757202148e-01
9.807500243186950684e-01
9.867500066757202148e-01
9.962499737739562988e-01
9.950000047683715820e-01
9.957500100135803223e-01
9.944999814033508301e-01
9.952499866485595703e-01
9.862499833106994629e-01
9.842500090599060059e-01
9.887499809265136719e-01
9.787499904632568359e-01
9.929999709129333496e-01
9.967499971389770508e-01
9.917500019073486328e-01
9.887499809265136719e-01
9.667500257492065430e-01
9.957500100135803223e-01
9.909999966621398926e-01
9.867500066757202148e-01
9.925000071525573730e-01
9.944999814033508301e-01
9.894999861717224121e-01
9.915000200271606445e-01
9.967499971389770508e-01
9.819999933242797852e-01
9.695000052452087402e-01
9.929999709129333496e-01
9.380000233650207520e-01
9.952499866485595703e-01
9.729999899864196777e-01
9.794999957084655762e-01
9.934999942779541016e-01
9.712499976158142090e-01
9.900000095367431641e-01
9.950000047683715820e-01
9.832500219345092773e-01
9.639999866485595703e-01
9.940000176429748535e-01
9.835000038146972656e-01
9.817500114440917969e-01
9.952499866485595703e-01
9.904999732971191406e-01
9.942499995231628418e-01
9.832500219345092773e-01
9.480000138282775879e-01
9.840000271797180176e-01
9.959999918937683105e-01
9.729999899864196777e-01
9.570000171661376953e-01
9.900000095367431641e-01
9.919999837875366211e-01
9.865000247955322266e-01
9.772499799728393555e-01
9.822499752044677734e-01
9.929999709129333496e-01
9.692500233650207520e-01
9.890000224113464355e-01
9.745000004768371582e-01
9.857500195503234863e-01
9.649999737739562988e-01
9.929999709129333496e-01
9.875000119209289551e-01
9.807500243186950684e-01
9.947500228881835938e-01
9.882500171661376953e-01
9.902499914169311523e-01
9.932500123977661133e-01
9.937499761581420898e-01
9.927499890327453613e-01
9.887499809265136719e-01
9.682499766349792480e-01
9.754999876022338867e-01
9.952499866485595703e-01
9.639999866485595703e-01
9.932500123977661133e-01
9.950000047683715820e-01
9.862499833106994629e-01
9.927499890327453613e-01
9.937499761581420898e-01
9.932500123977661133e-01
9.937499761581420898e-01
9.909999966621398926e-01
9.760000109672546387e-01
9.950000047683715820e-01
9.892500042915344238e-01
9.882500171661376953e-01
9.524999856948852539e-01
9.752500057220458984e-01
9.452499747276306152e-01
9.929999709129333496e-01
9.860000014305114746e-01
9.867500066757202148e-01
9.769999980926513672e-01
9.794999957084655762e-01
9.854999780654907227e-01
9.890000224113464355e-01
9.882500171661376953e-01
9.937499761581420898e-01
9.904999732971191406e-01
9.840000271797180176e-01
9.894999861717224121e-01
9.922500252723693848e-01
9.829999804496765137e-01
9.904999732971191406e-01
9.902499914169311523e-01
9.972500205039978027e-01
9.877499938011169434e-01
9.957500100135803223e-01
9.800000190734863281e-01
9.959999918937683105e-01
9.832500219345092773e-01
9.692500233650207520e-01
9.900000095367431641e-01
9.882500171661376953e-01
9.745000004768371582e-01
9.875000119209289551e-01
9.922500252723693848e-01
9.792500138282775879e-01
9.882500171661376953e-01
9.892500042915344238e-01
9.812499880790710449e-01
9.967499971389770508e-01
9.844999909400939941e-01
9.775000214576721191e-01
9.652500152587890625e-01
9.467499852180480957e-01
9.962499737739562988e-01
9.879999756813049316e-01
9.810000061988830566e-01
9.869999885559082031e-01
9.967499971389770508e-01
9.875000119209289551e-01
9.662500023841857910e-01
9.872499704360961914e-01
9.835000038146972656e-01
9.867500066757202148e-01
9.739999771118164062e-01
9.637500047683715820e-01
9.977499842643737793e-01
9.944999814033508301e-01
9.950000047683715820e-01
9.812499880790710449e-01
9.877499938011169434e-01
9.792500138282775879e-01
9.955000281333923340e-01
9.390000104904174805e-01
9.789999723434448242e-01
9.815000295639038086e-01
9.854999780654907227e-01
9.807500243186950684e-01
9.645000100135803223e-01
9.697499871253967285e-01
9.687500000000000000e-01
9.904999732971191406e-01
9.754999876022338867e-01
9.860000014305114746e-01
9.917500019073486328e-01
9.937499761581420898e-01
9.927499890327453613e-01
9.884999990463256836e-01
9.804999828338623047e-01
9.822499752044677734e-01
9.907500147819519043e-01
9.829999804496765137e-01
9.909999966621398926e-01
9.750000238418579102e-01
9.495000243186950684e-01
9.947500228881835938e-01
9.865000247955322266e-01
9.937499761581420898e-01
9.929999709129333496e-01
9.862499833106994629e-01
9.982500076293945312e-01
9.925000071525573730e-01
9.827499985694885254e-01
9.602500200271606445e-01
9.872499704360961914e-01
9.682499766349792480e-01
9.965000152587890625e-01
9.840000271797180176e-01
9.927499890327453613e-01
9.710000157356262207e-01
9.932500123977661133e-01
9.624999761581420898e-01
9.917500019073486328e-01
9.882500171661376953e-01
9.767500162124633789e-01
9.879999756813049316e-01
9.950000047683715820e-01
9.607499837875366211e-01
9.764999747276306152e-01
9.890000224113464355e-01
9.892500042915344238e-01
9.827499985694885254e-01
9.842500090599060059e-01
9.952499866485595703e-01
9.927499890327453613e-01
9.967499971389770508e-01
9.817500114440917969e-01
9.927499890327453613e-01
9.827499985694885254e-01
9.842500090599060059e-01
9.900000095367431641e-01
9.869999885559082031e-01
9.925000071525573730e-01
9.929999709129333496e-01
9.922500252723693848e-01
9.769999980926513672e-01
9.882500171661376953e-01
9.959999918937683105e-01
9.829999804496765137e-01
9.794999957084655762e-01
9.955000281333923340e-01
9.459999799728393555e-01
9.932500123977661133e-01
9.857500195503234863e-01
9.942499995231628418e-01
9.857500195503234863e-01
9.842500090599060059e-01
9.819999933242797852e-01
9.952499866485595703e-01
9.702500104904174805e-01
9.815000295639038086e-01
9.857500195503234863e-01
9.965000152587890625e-01
9.804999828338623047e-01
9.817500114440917969e-01
9.852499961853027344e-01
9.769999980926513672e-01
9.932500123977661133e-01
9.915000200271606445e-01
9.972500205039978027e-01
9.875000119209289551e-01
9.869999885559082031e-01
9.932500123977661133e-01
9.819999933242797852e-01
9.900000095367431641e-01
9.892500042915344238e-01
9.869999885559082031e-01
9.722499847412109375e-01
9.915000200271606445e-01
9.854999780654907227e-01
9.907500147819519043e-01
9.862499833106994629e-01
9.804999828338623047e-01
9.944999814033508301e-01
9.904999732971191406e-01
9.882500171661376953e-01
9.912499785423278809e-01
9.967499971389770508e-01
9.942499995231628418e-01
9.929999709129333496e-01
9.922500252723693848e-01
9.927499890327453613e-01
9.810000061988830566e-01
9.969999790191650391e-01
9.925000071525573730e-01
9.894999861717224121e-01
9.917500019073486328e-01
9.792500138282775879e-01
9.802500009536743164e-01
9.907500147819519043e-01
9.975000023841857910e-01
9.890000224113464355e-01
9.840000271797180176e-01
9.952499866485595703e-01
9.934999942779541016e-01
