9.695000052452087402e-01
9.902499914169311523e-01
9.635000228881835938e-01
9.647499918937683105e-01
9.915000200271606445e-01
9.777500033378601074e-01
9.742500185966491699e-01
9.915000200271606445e-01
9.807500243186950684e-01
9.060000181198120117e-01
7.762500047683715820e-01
9.890000224113464355e-01
9.725000262260437012e-01
9.779999852180480957e-01
9.284999966621398926e-01
9.915000200271606445e-01
9.559999704360961914e-01
9.932500123977661133e-01
9.825000166893005371e-01
5.267500281333923340e-01
8.547499775886535645e-01
5.027499794960021973e-01
9.887499809265136719e-01
9.357500076293945312e-01
9.907500147819519043e-01
8.362500071525573730e-01
9.125000238418579102e-01
7.792500257492065430e-01
9.787499904632568359e-01
9.927499890327453613e-01
8.482499718666076660e-01
6.397500038146972656e-01
9.850000143051147461e-01
9.929999709129333496e-01
9.882500171661376953e-01
9.860000014305114746e-01
9.539999961853027344e-01
9.817500114440917969e-01
5.027499794960021973e-01
5.007500052452087402e-01
5.087500214576721191e-01
9.892500042915344238e-01
9.940000176429748535e-01
5.820000171661376953e-01
8.912500143051147461e-01
9.612500071525573730e-01
9.417499899864196777e-01
9.782500267028808594e-01
9.710000157356262207e-01
9.455000162124633789e-01
9.844999909400939941e-01
7.275000214576721191e-01
9.904999732971191406e-01
9.890000224113464355e-01
9.842500090599060059e-01
9.862499833106994629e-01
7.555000185966491699e-01
9.484999775886535645e-01
9.812499880790710449e-01
9.769999980926513672e-01
8.992499709129333496e-01
9.927499890327453613e-01
5.684999823570251465e-01
9.292500019073486328e-01
9.250000119209289551e-01
9.879999756813049316e-01
9.912499785423278809e-01
8.880000114440917969e-01
9.897500276565551758e-01
7.702500224113464355e-01
9.919999837875366211e-01
8.995000123977661133e-01
9.757500290870666504e-01
9.884999990463256836e-01
7.477499842643737793e-01
7.845000028610229492e-01
8.824999928474426270e-01
9.405000209808349609e-01
8.612499833106994629e-01
5.077499747276306152e-01
9.842500090599060059e-01
9.654999971389770508e-01
9.897500276565551758e-01
9.865000247955322266e-01
5.180000066757202148e-01
9.674999713897705078e-01
7.557500004768371582e-01
7.039999961853027344e-01
7.652500271797180176e-01
5.000000000000000000e-01
5.002499818801879883e-01
9.752500057220458984e-01
9.884999990463256836e-01
9.685000181198120117e-01
7.632499933242797852e-01
4.595000147819519043e-01
9.592499732971191406e-01
9.007499814033508301e-01
8.697500228881835938e-01
9.760000109672546387e-01
9.879999756813049316e-01
9.277499914169311523e-01
7.292500138282775879e-01
8.262500166893005371e-01
5.239999890327453613e-01
7.982500195503234863e-01
7.867500185966491699e-01
6.612499952316284180e-01
9.894999861717224121e-01
5.074999928474426270e-01
6.097499728202819824e-01
9.499999880790710449e-01
6.277499794960021973e-01
9.777500033378601074e-01
8.174999952316284180e-01
9.344999790191650391e-01
8.240000009536743164e-01
5.467500090599060059e-01
8.360000252723693848e-01
9.875000119209289551e-01
9.757500290870666504e-01
7.340000271797180176e-01
9.915000200271606445e-01
9.917500019073486328e-01
9.937499761581420898e-01
9.884999990463256836e-01
7.774999737739562988e-01
9.850000143051147461e-01
9.574999809265136719e-01
9.467499852180480957e-01
5.000000000000000000e-01
9.810000061988830566e-01
9.672499895095825195e-01
9.940000176429748535e-01
9.894999861717224121e-01
7.157499790191650391e-01
9.629999995231628418e-01
9.549999833106994629e-01
9.877499938011169434e-01
7.864999771118164062e-01
7.972499728202819824e-01
9.402499794960021973e-01
5.000000000000000000e-01
9.747499823570251465e-01
5.047500133514404297e-01
7.947499752044677734e-01
9.605000019073486328e-01
9.837499856948852539e-01
9.850000143051147461e-01
8.259999752044677734e-01
7.985000014305114746e-01
8.067499995231628418e-01
9.847499728202819824e-01
9.592499732971191406e-01
9.679999947547912598e-01
9.937499761581420898e-01
7.262499928474426270e-01
9.907500147819519043e-01
9.915000200271606445e-01
9.182500243186950684e-01
7.730000019073486328e-01
9.362499713897705078e-01
9.685000181198120117e-01
6.215000152587890625e-01
9.877499938011169434e-01
9.919999837875366211e-01
9.695000052452087402e-01
9.595000147819519043e-01
9.832500219345092773e-01
9.884999990463256836e-01
8.052499890327453613e-01
8.830000162124633789e-01
9.227499961853027344e-01
9.872499704360961914e-01
9.692500233650207520e-01
9.875000119209289551e-01
9.884999990463256836e-01
9.867500066757202148e-01
9.445000290870666504e-01
7.170000076293945312e-01
5.162500143051147461e-01
9.427499771118164062e-01
9.419999718666076660e-01
9.649999737739562988e-01
9.825000166893005371e-01
9.917500019073486328e-01
9.817500114440917969e-01
4.970000088214874268e-01
9.577500224113464355e-01
8.262500166893005371e-01
8.097500205039978027e-01
8.389999866485595703e-01
3.204999864101409912e-01
6.552500128746032715e-01
6.507499814033508301e-01
6.604999899864196777e-01
5.617499947547912598e-01
8.967499732971191406e-01
5.005000233650207520e-01
6.614999771118164062e-01
9.760000109672546387e-01
9.802500009536743164e-01
5.372499823570251465e-01
5.720000267028808594e-01
9.745000004768371582e-01
8.550000190734863281e-01
7.927500009536743164e-01
8.852499723434448242e-01
6.437500119209289551e-01
6.905000209808349609e-01
9.769999980926513672e-01
9.789999723434448242e-01
9.557499885559082031e-01
8.830000162124633789e-01
9.917500019073486328e-01
9.844999909400939941e-01
9.635000228881835938e-01
8.309999704360961914e-01
5.127500295639038086e-01
9.647499918937683105e-01
5.155000090599060059e-01
8.245000243186950684e-01
8.769999742507934570e-01
9.829999804496765137e-01
4.857499897480010986e-01
9.660000205039978027e-01
9.850000143051147461e-01
5.237500071525573730e-01
9.577500224113464355e-01
9.940000176429748535e-01
5.410000085830688477e-01
5.637500286102294922e-01
9.904999732971191406e-01
8.730000257492065430e-01
9.747499823570251465e-01
9.957500100135803223e-01
9.917500019073486328e-01
9.112499952316284180e-01
9.919999837875366211e-01
9.692500233650207520e-01
5.277500152587890625e-01
9.527500271797180176e-01
9.925000071525573730e-01
9.789999723434448242e-01
5.002499818801879883e-01
7.710000276565551758e-01
9.829999804496765137e-01
9.527500271797180176e-01
9.624999761581420898e-01
5.002499818801879883e-01
9.452499747276306152e-01
9.900000095367431641e-01
9.777500033378601074e-01
9.955000281333923340e-01
9.837499856948852539e-01
6.437500119209289551e-01
5.197499990463256836e-01
9.662500023841857910e-01
6.654999852180480957e-01
9.330000281333923340e-01
9.380000233650207520e-01
9.800000190734863281e-01
9.800000190734863281e-01
9.922500252723693848e-01
9.712499976158142090e-01
9.815000295639038086e-01
9.827499985694885254e-01
7.027500271797180176e-01
5.317500233650207520e-01
9.822499752044677734e-01
9.829999804496765137e-01
9.772499799728393555e-01
9.932500123977661133e-01
9.477499723434448242e-01
9.904999732971191406e-01
9.687500000000000000e-01
9.819999933242797852e-01
9.950000047683715820e-01
8.625000119209289551e-01
9.739999771118164062e-01
9.219999909400939941e-01
9.677500128746032715e-01
9.810000061988830566e-01
9.922500252723693848e-01
9.894999861717224121e-01
8.774999976158142090e-01
9.854999780654907227e-01
9.872499704360961914e-01
5.030000209808349609e-01
7.785000205039978027e-01
9.577500224113464355e-01
8.467500209808349609e-01
9.884999990463256836e-01
9.467499852180480957e-01
9.854999780654907227e-01
8.960000276565551758e-01
9.627500176429748535e-01
9.624999761581420898e-01
9.359999895095825195e-01
9.804999828338623047e-01
9.599999785423278809e-01
9.452499747276306152e-01
9.844999909400939941e-01
9.915000200271606445e-01
9.779999852180480957e-01
5.099999904632568359e-01
5.177500247955322266e-01
5.709999799728393555e-01
9.405000209808349609e-01
9.872499704360961914e-01
9.702500104904174805e-01
9.097499847412109375e-01
8.492500185966491699e-01
5.002499818801879883e-01
5.012500286102294922e-01
9.722499847412109375e-01
9.779999852180480957e-01
8.774999976158142090e-01
9.635000228881835938e-01
8.087499737739562988e-01
9.747499823570251465e-01
9.854999780654907227e-01
9.844999909400939941e-01
9.695000052452087402e-01
9.685000181198120117e-01
9.484999775886535645e-01
7.469999790191650391e-01
7.774999737739562988e-01
5.297499895095825195e-01
9.297500252723693848e-01
9.695000052452087402e-01
9.722499847412109375e-01
8.027499914169311523e-01
9.547500014305114746e-01
9.867500066757202148e-01
8.457499742507934570e-01
9.915000200271606445e-01
5.000000000000000000e-01
5.115000009536743164e-01
9.902499914169311523e-01
9.152500033378601074e-01
9.854999780654907227e-01
9.467499852180480957e-01
9.810000061988830566e-01
9.654999971389770508e-01
9.714999794960021973e-01
9.737499952316284180e-01
9.380000233650207520e-01
5.827500224113464355e-01
9.614999890327453613e-01
9.689999818801879883e-01
9.959999918937683105e-01
9.732499718666076660e-01
5.130000114440917969e-01
9.442499876022338867e-01
7.739999890327453613e-01
7.027500271797180176e-01
7.760000228881835938e-01
9.925000071525573730e-01
9.822499752044677734e-01
8.502500057220458984e-01
9.704999923706054688e-01
9.359999895095825195e-01
5.557500123977661133e-01
7.832499742507934570e-01
9.577500224113464355e-01
9.844999909400939941e-01
9.894999861717224121e-01
9.679999947547912598e-01
8.379999995231628418e-01
9.747499823570251465e-01
6.757500171661376953e-01
9.922500252723693848e-01
9.712499976158142090e-01
5.002499818801879883e-01
8.972499966621398926e-01
9.622499942779541016e-01
8.047500252723693848e-01
9.897500276565551758e-01
6.322500109672546387e-01
9.844999909400939941e-01
3.952499926090240479e-01
9.877499938011169434e-01
9.890000224113464355e-01
9.794999957084655762e-01
4.937500059604644775e-01
9.835000038146972656e-01
7.477499842643737793e-01
8.970000147819519043e-01
4.375000000000000000e-01
7.195000052452087402e-01
5.242499709129333496e-01
8.792499899864196777e-01
9.902499914169311523e-01
5.015000104904174805e-01
8.040000200271606445e-01
7.957500219345092773e-01
9.929999709129333496e-01
7.480000257492065430e-01
7.392500042915344238e-01
6.227499842643737793e-01
9.624999761581420898e-01
2.675000131130218506e-01
5.000000000000000000e-01
9.599999785423278809e-01
9.585000276565551758e-01
6.460000276565551758e-01
9.932500123977661133e-01
7.277500033378601074e-01
9.879999756813049316e-01
4.102500081062316895e-01
7.847499847412109375e-01
7.310000061988830566e-01
9.877499938011169434e-01
9.877499938011169434e-01
9.869999885559082031e-01
9.725000262260437012e-01
5.002499818801879883e-01
5.000000000000000000e-01
7.487499713897705078e-01
9.929999709129333496e-01
9.890000224113464355e-01
9.729999899864196777e-01
9.952499866485595703e-01
9.787499904632568359e-01
9.840000271797180176e-01
9.882500171661376953e-01
9.720000028610229492e-01
9.917500019073486328e-01
9.747499823570251465e-01
9.775000214576721191e-01
9.622499942779541016e-01
7.480000257492065430e-01
5.027499794960021973e-01
5.084999799728393555e-01
9.882500171661376953e-01
9.844999909400939941e-01
9.597499966621398926e-01
9.687500000000000000e-01
9.685000181198120117e-01
9.927499890327453613e-01
9.927499890327453613e-01
9.662500023841857910e-01
9.797499775886535645e-01
9.029999971389770508e-01
9.764999747276306152e-01
7.450000047683715820e-01
9.850000143051147461e-01
5.772500038146972656e-01
8.799999952316284180e-01
9.782500267028808594e-01
9.929999709129333496e-01
5.407500267028808594e-01
9.810000061988830566e-01
9.927499890327453613e-01
9.884999990463256836e-01
8.537499904632568359e-01
7.039999961853027344e-01
9.530000090599060059e-01
7.447500228881835938e-01
9.775000214576721191e-01
9.860000014305114746e-01
9.817500114440917969e-01
8.305000066757202148e-01
8.067499995231628418e-01
7.427499890327453613e-01
9.865000247955322266e-01
9.564999938011169434e-01
6.315000057220458984e-01
7.404999732971191406e-01
9.269999861717224121e-01
5.522500276565551758e-01
9.689999818801879883e-01
9.867500066757202148e-01
9.892500042915344238e-01
9.927499890327453613e-01
8.155000209808349609e-01
5.102499723434448242e-01
5.017499923706054688e-01
9.842500090599060059e-01
9.832500219345092773e-01
9.932500123977661133e-01
9.842500090599060059e-01
9.904999732971191406e-01
7.827500104904174805e-01
5.939999818801879883e-01
5.292500257492065430e-01
9.747499823570251465e-01
9.707499742507934570e-01
9.857500195503234863e-01
9.807500243186950684e-01
9.789999723434448242e-01
7.204999923706054688e-01
5.032500028610229492e-01
9.867500066757202148e-01
9.679999947547912598e-01
9.907500147819519043e-01
9.672499895095825195e-01
9.940000176429748535e-01
9.847499728202819824e-01
5.074999928474426270e-01
9.229999780654907227e-01
7.742499709129333496e-01
9.915000200271606445e-01
9.782500267028808594e-01
9.607499837875366211e-01
9.919999837875366211e-01
8.752499818801879883e-01
9.714999794960021973e-01
8.980000019073486328e-01
9.912499785423278809e-01
9.900000095367431641e-01
9.197499752044677734e-01
9.819999933242797852e-01
9.542499780654907227e-01
9.892500042915344238e-01
5.517500042915344238e-01
9.852499961853027344e-01
9.879999756813049316e-01
9.739999771118164062e-01
9.317499995231628418e-01
9.787499904632568359e-01
9.955000281333923340e-01
9.800000190734863281e-01
8.650000095367431641e-01
9.470000267028808594e-01
6.942499876022338867e-01
7.070000171661376953e-01
9.952499866485595703e-01
6.899999976158142090e-01
6.890000104904174805e-01
8.067499995231628418e-01
5.912500023841857910e-01
9.932500123977661133e-01
6.305000185966491699e-01
5.037500262260437012e-01
9.727500081062316895e-01
5.139999985694885254e-01
5.152500271797180176e-01
8.274999856948852539e-01
9.742500185966491699e-01
8.840000033378601074e-01
6.507499814033508301e-01
7.367500066757202148e-01
6.535000205039978027e-01
9.509999752044677734e-01
7.062500119209289551e-01
9.232500195503234863e-01
9.875000119209289551e-01
9.737499952316284180e-01
4.317499995231628418e-01
9.854999780654907227e-01
5.000000000000000000e-01
9.785000085830688477e-01
9.729999899864196777e-01
9.842500090599060059e-01
9.769999980926513672e-01
7.217500209808349609e-01
3.712500035762786865e-01
5.770000219345092773e-01
9.424999952316284180e-01
2.870000004768371582e-01
9.919999837875366211e-01
9.772499799728393555e-01
9.865000247955322266e-01
8.255000114440917969e-01
9.585000276565551758e-01
9.882500171661376953e-01
9.950000047683715820e-01
9.657499790191650391e-01
9.837499856948852539e-01
9.847499728202819824e-01
7.940000295639038086e-01
9.750000238418579102e-01
9.624999761581420898e-01
9.585000276565551758e-01
9.707499742507934570e-01
9.810000061988830566e-01
9.887499809265136719e-01
9.789999723434448242e-01
8.734999895095825195e-01
9.827499985694885254e-01
6.307500004768371582e-01
5.989999771118164062e-01
9.917500019073486328e-01
9.932500123977661133e-01
9.942499995231628418e-01
9.477499723434448242e-01
5.000000000000000000e-01
5.287500023841857910e-01
9.667500257492065430e-01
9.707499742507934570e-01
9.892500042915344238e-01
9.617499709129333496e-01
9.865000247955322266e-01
7.730000019073486328e-01
7.667499780654907227e-01
5.180000066757202148e-01
8.339999914169311523e-01
9.884999990463256836e-01
9.887499809265136719e-01
9.477499723434448242e-01
9.747499823570251465e-01
9.810000061988830566e-01
7.235000133514404297e-01
5.550000071525573730e-01
5.052499771118164062e-01
9.539999961853027344e-01
5.000000000000000000e-01
9.747499823570251465e-01
9.194999933242797852e-01
9.862499833106994629e-01
9.857500195503234863e-01
5.005000233650207520e-01
9.879999756813049316e-01
9.860000014305114746e-01
9.869999885559082031e-01
9.139999747276306152e-01
9.947500228881835938e-01
9.915000200271606445e-01
9.415000081062316895e-01
8.067499995231628418e-01
8.762500286102294922e-01
7.914999723434448242e-01
9.867500066757202148e-01
9.752500057220458984e-01
9.695000052452087402e-01
9.922500252723693848e-01
5.297499895095825195e-01
9.695000052452087402e-01
9.632499814033508301e-01
9.717500209808349609e-01
9.957500100135803223e-01
9.559999704360961914e-01
5.597500205039978027e-01
9.867500066757202148e-01
8.527500033378601074e-01
6.692500114440917969e-01
9.549999833106994629e-01
4.979999959468841553e-01
9.875000119209289551e-01
6.529999971389770508e-01
9.265000224113464355e-01
9.462500214576721191e-01
8.552500009536743164e-01
9.860000014305114746e-01
6.057500243186950684e-01
9.294999837875366211e-01
8.482499718666076660e-01
7.894999980926513672e-01
9.707499742507934570e-01
9.707499742507934570e-01
5.287500023841857910e-01
5.460000038146972656e-01
8.052499890327453613e-01
4.992499947547912598e-01
9.309999942779541016e-01
9.897500276565551758e-01
4.997499883174896240e-01
9.842500090599060059e-01
9.897500276565551758e-01
9.649999737739562988e-01
8.834999799728393555e-01
9.940000176429748535e-01
9.777500033378601074e-01
9.892500042915344238e-01
9.872499704360961914e-01
9.832500219345092773e-01
9.037500023841857910e-01
7.832499742507934570e-01
9.667500257492065430e-01
5.040000081062316895e-01
9.685000181198120117e-01
9.950000047683715820e-01
9.872499704360961914e-01
9.657499790191650391e-01
9.592499732971191406e-01
9.877499938011169434e-01
5.192499756813049316e-01
6.815000176429748535e-01
9.707499742507934570e-01
9.807500243186950684e-01
9.777500033378601074e-01
8.245000243186950684e-01
9.915000200271606445e-01
5.012500286102294922e-01
8.125000000000000000e-01
9.840000271797180176e-01
5.152500271797180176e-01
9.752500057220458984e-01
9.815000295639038086e-01
9.377499818801879883e-01
9.779999852180480957e-01
8.500000238418579102e-01
6.690000295639038086e-01
9.490000009536743164e-01
9.052500128746032715e-01
9.445000290870666504e-01
7.347499728202819824e-01
9.850000143051147461e-01
9.817500114440917969e-01
5.277500152587890625e-01
9.937499761581420898e-01
5.000000000000000000e-01
9.075000286102294922e-01
9.947500228881835938e-01
9.175000190734863281e-01
9.007499814033508301e-01
9.847499728202819824e-01
7.882500290870666504e-01
7.254999876022338867e-01
9.847499728202819824e-01
9.810000061988830566e-01
9.685000181198120117e-01
8.140000104904174805e-01
9.925000071525573730e-01
5.347499847412109375e-01
6.725000143051147461e-01
9.732499718666076660e-01
7.164999842643737793e-01
9.907500147819519043e-01
6.940000057220458984e-01
9.642500281333923340e-01
5.005000233650207520e-01
8.107500076293945312e-01
5.515000224113464355e-01
9.937499761581420898e-01
5.044999718666076660e-01
9.827499985694885254e-01
7.440000176429748535e-01
8.820000290870666504e-01
9.737499952316284180e-01
9.112499952316284180e-01
5.087500214576721191e-01
9.944999814033508301e-01
9.872499704360961914e-01
9.904999732971191406e-01
9.879999756813049316e-01
9.509999752044677734e-01
9.794999957084655762e-01
8.372499942779541016e-01
9.722499847412109375e-01
8.397499918937683105e-01
7.484999895095825195e-01
9.035000205039978027e-01
9.782500267028808594e-01
9.904999732971191406e-01
9.355000257492065430e-01
9.679999947547912598e-01
9.844999909400939941e-01
9.440000057220458984e-01
9.617499709129333496e-01
9.884999990463256836e-01
9.867500066757202148e-01
6.915000081062316895e-01
9.162499904632568359e-01
5.157499909400939941e-01
5.000000000000000000e-01
9.937499761581420898e-01
9.917500019073486328e-01
9.915000200271606445e-01
8.797500133514404297e-01
4.307500123977661133e-01
9.832500219345092773e-01
9.832500219345092773e-01
6.585000157356262207e-01
5.067499876022338867e-01
9.110000133514404297e-01
9.752500057220458984e-01
9.509999752044677734e-01
7.664999961853027344e-01
8.149999976158142090e-01
9.629999995231628418e-01
9.745000004768371582e-01
6.654999852180480957e-01
9.932500123977661133e-01
9.242500066757202148e-01
9.877499938011169434e-01
5.479999780654907227e-01
9.662500023841857910e-01
9.620000123977661133e-01
9.219999909400939941e-01
9.754999876022338867e-01
9.532499909400939941e-01
9.717500209808349609e-01
9.737499952316284180e-01
7.922499775886535645e-01
9.934999942779541016e-01
9.802500009536743164e-01
9.860000014305114746e-01
9.577500224113464355e-01
9.762499928474426270e-01
9.892500042915344238e-01
5.264999866485595703e-01
9.825000166893005371e-01
9.792500138282775879e-01
9.747499823570251465e-01
7.250000238418579102e-01
9.394999742507934570e-01
5.000000000000000000e-01
9.772499799728393555e-01
9.877499938011169434e-01
9.720000028610229492e-01
9.729999899864196777e-01
9.904999732971191406e-01
9.745000004768371582e-01
9.934999942779541016e-01
9.225000143051147461e-01
7.682499885559082031e-01
7.384999990463256836e-01
9.950000047683715820e-01
9.884999990463256836e-01
7.502499818801879883e-01
5.002499818801879883e-01
9.687500000000000000e-01
4.927499890327453613e-01
9.947500228881835938e-01
9.732499718666076660e-01
9.779999852180480957e-01
9.470000267028808594e-01
7.117499709129333496e-01
9.775000214576721191e-01
6.247500181198120117e-01
9.182500243186950684e-01
9.875000119209289551e-01
7.854999899864196777e-01
7.342500090599060059e-01
9.884999990463256836e-01
9.762499928474426270e-01
9.925000071525573730e-01
9.482499957084655762e-01
9.777500033378601074e-01
8.422499895095825195e-01
9.815000295639038086e-01
5.412499904632568359e-01
9.852499961853027344e-01
7.577499747276306152e-01
7.617499828338623047e-01
9.797499775886535645e-01
9.645000100135803223e-01
9.927499890327453613e-01
9.804999828338623047e-01
9.810000061988830566e-01
8.252500295639038086e-01
9.667500257492065430e-01
9.679999947547912598e-01
9.722499847412109375e-01
7.590000033378601074e-01
7.524999976158142090e-01
6.784999966621398926e-01
8.600000143051147461e-01
9.872499704360961914e-01
9.875000119209289551e-01
9.782500267028808594e-01
9.767500162124633789e-01
9.729999899864196777e-01
9.250000119209289551e-01
8.815000057220458984e-01
6.880000233650207520e-01
5.537499785423278809e-01
9.779999852180480957e-01
7.907500267028808594e-01
5.314999818801879883e-01
7.177500128746032715e-01
5.015000104904174805e-01
6.392499804496765137e-01
8.862500190734863281e-01
9.909999966621398926e-01
9.672499895095825195e-01
2.515000104904174805e-01
9.760000109672546387e-01
9.729999899864196777e-01
8.292499780654907227e-01
5.544999837875366211e-01
5.049999952316284180e-01
5.002499818801879883e-01
7.412499785423278809e-01
7.714999914169311523e-01
6.614999771118164062e-01
5.002499818801879883e-01
6.924999952316284180e-01
9.024999737739562988e-01
7.122499942779541016e-01
9.747499823570251465e-01
7.875000238418579102e-01
9.637500047683715820e-01
4.855000078678131104e-01
5.962499976158142090e-01
6.924999952316284180e-01
8.967499732971191406e-01
7.692499756813049316e-01
9.894999861717224121e-01
9.887499809265136719e-01
7.195000052452087402e-01
7.440000176429748535e-01
7.537500262260437012e-01
5.072500109672546387e-01
9.599999785423278809e-01
9.900000095367431641e-01
8.619999885559082031e-01
5.199999809265136719e-01
5.007500052452087402e-01
5.130000114440917969e-01
6.302499771118164062e-01
9.772499799728393555e-01
9.904999732971191406e-01
5.070000290870666504e-01
9.882500171661376953e-01
9.837499856948852539e-01
9.804999828338623047e-01
9.802500009536743164e-01
9.917500019073486328e-01
9.912499785423278809e-01
8.127499818801879883e-01
9.865000247955322266e-01
9.750000238418579102e-01
6.707500219345092773e-01
5.015000104904174805e-01
9.437500238418579102e-01
9.147499799728393555e-01
6.294999718666076660e-01
9.717500209808349609e-01
9.527500271797180176e-01
6.620000004768371582e-01
9.879999756813049316e-01
9.844999909400939941e-01
9.767500162124633789e-01
9.877499938011169434e-01
9.777500033378601074e-01
9.822499752044677734e-01
9.797499775886535645e-01
5.037500262260437012e-01
8.880000114440917969e-01
7.225000262260437012e-01
5.000000000000000000e-01
9.867500066757202148e-01
9.737499952316284180e-01
9.832500219345092773e-01
9.944999814033508301e-01
7.254999876022338867e-01
9.787499904632568359e-01
8.989999890327453613e-01
8.065000176429748535e-01
9.922500252723693848e-01
9.944999814033508301e-01
6.422500014305114746e-01
8.374999761581420898e-01
7.864999771118164062e-01
8.550000190734863281e-01
9.775000214576721191e-01
8.817499876022338867e-01
9.672499895095825195e-01
9.769999980926513672e-01
9.869999885559082031e-01
5.000000000000000000e-01
9.677500128746032715e-01
8.090000152587890625e-01
9.882500171661376953e-01
9.909999966621398926e-01
9.902499914169311523e-01
9.110000133514404297e-01
9.467499852180480957e-01
8.687499761581420898e-01
9.852499961853027344e-01
9.835000038146972656e-01
9.447500109672546387e-01
9.900000095367431641e-01
9.844999909400939941e-01
9.739999771118164062e-01
9.787499904632568359e-01
9.660000205039978027e-01
5.019999742507934570e-01
8.675000071525573730e-01
9.832500219345092773e-01
9.779999852180480957e-01
9.620000123977661133e-01
9.927499890327453613e-01
9.879999756813049316e-01
9.894999861717224121e-01
9.570000171661376953e-01
9.682499766349792480e-01
9.612500071525573730e-01
8.937500119209289551e-01
5.492500066757202148e-01
7.042499780654907227e-01
6.772500276565551758e-01
8.677499890327453613e-01
9.887499809265136719e-01
8.504999876022338867e-01
5.270000100135803223e-01
8.100000023841857910e-01
9.062500000000000000e-01
8.009999990463256836e-01
5.000000000000000000e-01
5.002499818801879883e-01
5.124999880790710449e-01
5.084999799728393555e-01
8.404999971389770508e-01
9.832500219345092773e-01
9.862499833106994629e-01
9.687500000000000000e-01
9.819999933242797852e-01
7.384999990463256836e-01
9.582499861717224121e-01
7.572500109672546387e-01
9.244999885559082031e-01
9.807500243186950684e-01
9.922500252723693848e-01
9.344999790191650391e-01
9.829999804496765137e-01
9.775000214576721191e-01
9.595000147819519043e-01
9.517499804496765137e-01
8.960000276565551758e-01
5.047500133514404297e-01
9.857500195503234863e-01
5.640000104904174805e-01
6.327499747276306152e-01
9.804999828338623047e-01
7.429999709129333496e-01
8.062499761581420898e-01
9.860000014305114746e-01
9.925000071525573730e-01
9.614999890327453613e-01
9.462500214576721191e-01
9.847499728202819824e-01
7.057499885559082031e-01
5.002499818801879883e-01
9.750000238418579102e-01
7.634999752044677734e-01
9.470000267028808594e-01
6.262500286102294922e-01
5.672500133514404297e-01
9.922500252723693848e-01
9.829999804496765137e-01
9.842500090599060059e-01
8.149999976158142090e-01
8.809999823570251465e-01
8.705000281333923340e-01
9.862499833106994629e-01
9.915000200271606445e-01
7.937499880790710449e-01
9.424999952316284180e-01
5.667499899864196777e-01
6.427500247955322266e-01
7.607499957084655762e-01
9.762499928474426270e-01
9.829999804496765137e-01
9.892500042915344238e-01
6.420000195503234863e-01
6.460000276565551758e-01
8.914999961853027344e-01
9.892500042915344238e-01
6.865000128746032715e-01
9.919999837875366211e-01
9.752500057220458984e-01
9.844999909400939941e-01
9.782500267028808594e-01
9.900000095367431641e-01
9.907500147819519043e-01
9.869999885559082031e-01
9.087499976158142090e-01
6.552500128746032715e-01
9.552500247955322266e-01
9.467499852180480957e-01
9.217500090599060059e-01
9.432500004768371582e-01
9.900000095367431641e-01
9.925000071525573730e-01
9.865000247955322266e-01
9.800000190734863281e-01
9.545000195503234863e-01
9.797499775886535645e-01
9.832500219345092773e-01
9.674999713897705078e-01
9.897500276565551758e-01
9.792500138282775879e-01
9.549999833106994629e-01
9.897500276565551758e-01
9.922500252723693848e-01
9.787499904632568359e-01
9.787499904632568359e-01
9.907500147819519043e-01
9.897500276565551758e-01
9.682499766349792480e-01
9.900000095367431641e-01
9.607499837875366211e-01
7.979999780654907227e-01
9.002500176429748535e-01
9.707499742507934570e-01
9.777500033378601074e-01
9.822499752044677734e-01
9.267500042915344238e-01
8.815000057220458984e-01
8.224999904632568359e-01
9.702500104904174805e-01
7.582499980926513672e-01
9.632499814033508301e-01
9.322500228881835938e-01
9.552500247955322266e-01
9.832500219345092773e-01
9.750000238418579102e-01
8.327500224113464355e-01
9.747499823570251465e-01
9.524999856948852539e-01
9.862499833106994629e-01
8.742499947547912598e-01
8.637499809265136719e-01
9.817500114440917969e-01
9.907500147819519043e-01
9.802500009536743164e-01
8.665000200271606445e-01
7.247499823570251465e-01
6.872500181198120117e-01
9.447500109672546387e-01
6.949999928474426270e-01
9.827499985694885254e-01
6.094999909400939941e-01
8.557500243186950684e-01
9.884999990463256836e-01
9.872499704360961914e-01
9.897500276565551758e-01
7.657499909400939941e-01
8.100000023841857910e-01
4.275000095367431641e-01
9.164999723434448242e-01
9.772499799728393555e-01
9.772499799728393555e-01
9.732499718666076660e-01
9.917500019073486328e-01
9.912499785423278809e-01
9.714999794960021973e-01
9.049999713897705078e-01
9.902499914169311523e-01
9.815000295639038086e-01
5.009999871253967285e-01
9.704999923706054688e-01
5.392500162124633789e-01
9.682499766349792480e-01
9.330000281333923340e-01
9.782500267028808594e-01
9.894999861717224121e-01
9.179999828338623047e-01
9.877499938011169434e-01
7.990000247955322266e-01
9.607499837875366211e-01
9.884999990463256836e-01
9.667500257492065430e-01
9.697499871253967285e-01
6.664999723434448242e-01
9.867500066757202148e-01
8.774999976158142090e-01
5.007500052452087402e-01
9.890000224113464355e-01
6.430000066757202148e-01
7.802500128746032715e-01
8.565000295639038086e-01
6.754999756813049316e-01
7.347499728202819824e-01
9.714999794960021973e-01
9.817500114440917969e-01
6.962500214576721191e-01
9.714999794960021973e-01
9.875000119209289551e-01
8.015000224113464355e-01
5.000000000000000000e-01
8.270000219345092773e-01
6.409999728202819824e-01
8.872500061988830566e-01
5.492500066757202148e-01
5.022500157356262207e-01
6.197500228881835938e-01
7.632499933242797852e-01
9.944999814033508301e-01
5.260000228881835938e-01
6.772500276565551758e-01
9.582499861717224121e-01
9.509999752044677734e-01
9.887499809265136719e-01
9.567499756813049316e-01
7.287499904632568359e-01
4.992499947547912598e-01
5.000000000000000000e-01
8.797500133514404297e-01
7.910000085830688477e-01
6.492499709129333496e-01
9.244999885559082031e-01
9.860000014305114746e-01
6.847500205039978027e-01
9.467499852180480957e-01
7.450000047683715820e-01
9.712499976158142090e-01
9.294999837875366211e-01
9.879999756813049316e-01
7.919999957084655762e-01
5.000000000000000000e-01
8.852499723434448242e-01
7.455000281333923340e-01
9.892500042915344238e-01
7.392500042915344238e-01
5.124999880790710449e-01
8.824999928474426270e-01
9.739999771118164062e-01
9.642500281333923340e-01
9.557499885559082031e-01
6.330000162124633789e-01
9.917500019073486328e-01
9.865000247955322266e-01
5.000000000000000000e-01
5.042499899864196777e-01
9.739999771118164062e-01
9.472500085830688477e-01
9.517499804496765137e-01
9.929999709129333496e-01
5.000000000000000000e-01
9.872499704360961914e-01
9.657499790191650391e-01
5.090000033378601074e-01
5.002499818801879883e-01
6.747499704360961914e-01
9.480000138282775879e-01
9.844999909400939941e-01
8.974999785423278809e-01
5.397499799728393555e-01
9.227499961853027344e-01
9.729999899864196777e-01
5.494999885559082031e-01
7.722499966621398926e-01
9.547500014305114746e-01
8.387500047683715820e-01
8.167499899864196777e-01
5.084999799728393555e-01
9.477499723434448242e-01
9.707499742507934570e-01
7.232499718666076660e-01
5.062500238418579102e-01
9.847499728202819824e-01
9.564999938011169434e-01
9.835000038146972656e-01
9.714999794960021973e-01
7.870000004768371582e-01
5.500000119209289551e-01
9.822499752044677734e-01
9.760000109672546387e-01
9.897500276565551758e-01
9.592499732971191406e-01
7.827500104904174805e-01
9.865000247955322266e-01
9.642500281333923340e-01
9.484999775886535645e-01
9.890000224113464355e-01
9.637500047683715820e-01
9.769999980926513672e-01
9.940000176429748535e-01
9.819999933242797852e-01
9.422500133514404297e-01
9.929999709129333496e-01
9.792500138282775879e-01
9.679999947547912598e-01
7.217500209808349609e-01
8.245000243186950684e-01
5.170000195503234863e-01
5.019999742507934570e-01
5.000000000000000000e-01
9.867500066757202148e-01
8.640000224113464355e-01
9.657499790191650391e-01
7.404999732971191406e-01
5.139999985694885254e-01
9.664999842643737793e-01
9.825000166893005371e-01
9.797499775886535645e-01
9.692500233650207520e-01
6.060000061988830566e-01
5.072500109672546387e-01
9.750000238418579102e-01
9.402499794960021973e-01
6.827499866485595703e-01
9.877499938011169434e-01
9.557499885559082031e-01
9.942499995231628418e-01
8.349999785423278809e-01
7.434999942779541016e-01
9.732499718666076660e-01
9.674999713897705078e-01
9.925000071525573730e-01
9.407500028610229492e-01
8.784999847412109375e-01
6.772500276565551758e-01
9.725000262260437012e-01
9.474999904632568359e-01
9.785000085830688477e-01
7.710000276565551758e-01
9.725000262260437012e-01
9.904999732971191406e-01
9.840000271797180176e-01
5.509999990463256836e-01
5.732499957084655762e-01
6.922500133514404297e-01
6.919999718666076660e-01
8.722500205039978027e-01
9.632499814033508301e-01
9.692500233650207520e-01
9.689999818801879883e-01
9.919999837875366211e-01
5.007500052452087402e-01
6.154999732971191406e-01
7.505000233650207520e-01
9.657499790191650391e-01
9.879999756813049316e-01
9.549999833106994629e-01
9.437500238418579102e-01
9.857500195503234863e-01
9.894999861717224121e-01
9.815000295639038086e-01
9.912499785423278809e-01
8.222500085830688477e-01
5.630000233650207520e-01
8.700000047683715820e-01
9.872499704360961914e-01
9.794999957084655762e-01
9.840000271797180176e-01
9.887499809265136719e-01
9.934999942779541016e-01
8.842499852180480957e-01
9.490000009536743164e-01
8.544999957084655762e-01
9.062500000000000000e-01
7.127500176429748535e-01
4.625000059604644775e-01
9.807500243186950684e-01
5.979999899864196777e-01
9.872499704360961914e-01
5.065000057220458984e-01
9.754999876022338867e-01
8.517500162124633789e-01
9.802500009536743164e-01
5.699999928474426270e-01
7.354999780654907227e-01
9.962499737739562988e-01
9.442499876022338867e-01
9.612500071525573730e-01
9.350000023841857910e-01
8.802499771118164062e-01
9.867500066757202148e-01
9.620000123977661133e-01
5.000000000000000000e-01
8.297500014305114746e-01
5.012500286102294922e-01
9.585000276565551758e-01
8.924999833106994629e-01
9.692500233650207520e-01
9.624999761581420898e-01
9.872499704360961914e-01
9.672499895095825195e-01
9.840000271797180176e-01
9.827499985694885254e-01
9.559999704360961914e-01
8.165000081062316895e-01
9.120000004768371582e-01
9.879999756813049316e-01
5.000000000000000000e-01
9.670000076293945312e-01
7.145000100135803223e-01
9.557499885559082031e-01
8.022500276565551758e-01
9.325000047683715820e-01
9.897500276565551758e-01
9.884999990463256836e-01
9.432500004768371582e-01
9.077500104904174805e-01
9.940000176429748535e-01
9.667500257492065430e-01
9.842500090599060059e-01
9.907500147819519043e-01
9.622499942779541016e-01
9.797499775886535645e-01
7.310000061988830566e-01
7.087500095367431641e-01
8.682500123977661133e-01
8.105000257492065430e-01
9.750000238418579102e-01
9.850000143051147461e-01
9.915000200271606445e-01
6.830000281333923340e-01
8.964999914169311523e-01
9.844999909400939941e-01
9.777500033378601074e-01
9.384999871253967285e-01
9.902499914169311523e-01
8.027499914169311523e-01
9.872499704360961914e-01
9.714999794960021973e-01
9.867500066757202148e-01
9.875000119209289551e-01
9.865000247955322266e-01
9.810000061988830566e-01
9.860000014305114746e-01
9.817500114440917969e-01
9.445000290870666504e-01
9.704999923706054688e-01
9.852499961853027344e-01
9.904999732971191406e-01
8.922500014305114746e-01
9.495000243186950684e-01
9.490000009536743164e-01
9.767500162124633789e-01
9.782500267028808594e-01
9.602500200271606445e-01
9.767500162124633789e-01
9.902499914169311523e-01
9.807500243186950684e-01
9.832500219345092773e-01
9.555000066757202148e-01
8.309999704360961914e-01
5.000000000000000000e-01
6.765000224113464355e-01
9.847499728202819824e-01
5.000000000000000000e-01
9.937499761581420898e-01
9.917500019073486328e-01
9.689999818801879883e-01
9.764999747276306152e-01
8.457499742507934570e-01
5.217499732971191406e-01
9.652500152587890625e-01
7.937499880790710449e-01
9.879999756813049316e-01
9.819999933242797852e-01
7.832499742507934570e-01
7.497500181198120117e-01
6.397500038146972656e-01
5.000000000000000000e-01
9.342499971389770508e-01
6.772500276565551758e-01
9.800000190734863281e-01
8.675000071525573730e-01
7.232499718666076660e-01
7.992500066757202148e-01
5.987499952316284180e-01
9.557499885559082031e-01
9.714999794960021973e-01
5.007500052452087402e-01
9.742500185966491699e-01
9.472500085830688477e-01
9.844999909400939941e-01
9.944999814033508301e-01
8.117499947547912598e-01
9.890000224113464355e-01
5.012500286102294922e-01
5.147500038146972656e-01
9.792500138282775879e-01
8.242499828338623047e-01
9.775000214576721191e-01
9.869999885559082031e-01
9.729999899864196777e-01
8.397499918937683105e-01
8.874999880790710449e-01
9.955000281333923340e-01
9.887499809265136719e-01
5.400000214576721191e-01
9.639999866485595703e-01
5.210000276565551758e-01
5.142499804496765137e-01
9.769999980926513672e-01
6.735000014305114746e-01
9.867500066757202148e-01
9.137499928474426270e-01
9.812499880790710449e-01
9.459999799728393555e-01
9.312499761581420898e-01
7.139999866485595703e-01
9.757500290870666504e-01
9.782500267028808594e-01
8.234999775886535645e-01
7.605000138282775879e-01
9.259999990463256836e-01
9.904999732971191406e-01
7.739999890327453613e-01
9.879999756813049316e-01
9.804999828338623047e-01
9.750000238418579102e-01
5.112500190734863281e-01
9.722499847412109375e-01
5.000000000000000000e-01
8.597499728202819824e-01
8.257499933242797852e-01
8.157500028610229492e-01
5.602499842643737793e-01
6.144999861717224121e-01
5.447499752044677734e-01
7.285000085830688477e-01
7.452499866485595703e-01
9.804999828338623047e-01
5.024999976158142090e-01
7.132499814033508301e-01
6.664999723434448242e-01
9.844999909400939941e-01
6.420000195503234863e-01
9.932500123977661133e-01
9.017500281333923340e-01
9.079999923706054688e-01
8.309999704360961914e-01
8.522499799728393555e-01
7.372499704360961914e-01
9.840000271797180176e-01
9.802500009536743164e-01
8.222500085830688477e-01
9.574999809265136719e-01
9.587500095367431641e-01
9.950000047683715820e-01
9.742500185966491699e-01
6.257500052452087402e-01
5.002499818801879883e-01
9.934999942779541016e-01
9.649999737739562988e-01
9.185000061988830566e-01
9.605000019073486328e-01
9.915000200271606445e-01
9.897500276565551758e-01
6.257500052452087402e-01
8.487499952316284180e-01
9.714999794960021973e-01
9.742500185966491699e-01
9.944999814033508301e-01
8.585000038146972656e-01
7.200000286102294922e-01
9.654999971389770508e-01
9.792500138282775879e-01
9.892500042915344238e-01
9.657499790191650391e-01
9.894999861717224121e-01
8.464999794960021973e-01
9.480000138282775879e-01
5.872499942779541016e-01
9.169999957084655762e-01
9.860000014305114746e-01
9.769999980926513672e-01
9.499999880790710449e-01
8.905000090599060059e-01
9.882500171661376953e-01
9.192500114440917969e-01
8.857499957084655762e-01
9.827499985694885254e-01
9.664999842643737793e-01
7.592499852180480957e-01
7.587500214576721191e-01
5.665000081062316895e-01
9.739999771118164062e-01
6.054999828338623047e-01
8.790000081062316895e-01
8.657500147819519043e-01
9.894999861717224121e-01
9.785000085830688477e-01
9.667500257492065430e-01
5.345000028610229492e-01
9.932500123977661133e-01
8.517500162124633789e-01
9.597499966621398926e-01
5.462499856948852539e-01
